0 0
0.0 0.0 0.0 0.08176541328430176
0.0 0.0 0.0 0.11783242225646973
3.9095375244672983 0.0 -0.01163500329526062 0.15127110481262207
11.48375377587268 -0.08813000789672432 -0.020361428041314807 0.18475627899169922
20.27838981675183 -0.26722610782655887 -0.026179126579209858 0.21862220764160156
29.804622214381048 -0.5166715397227937 -0.034905551325264045 0.25873446464538574
41.77028771207121 -0.93450940221644 -0.03781442520736889 0.2977726459503174
55.19971565242833 -1.4425776912239727 -0.04654084995342306 0.34174370765686035
69.60052474396332 -2.1132879204285038 -0.05526727469947724 0.3857076168060303
84.23890571273975 -2.923136063270963 -0.06690227799473787 0.4204423427581787
95.94127993974361 -3.7072217397865486 -0.07271997653263296 0.45638036727905273
107.1514939718196 -4.523868277590302 -0.07853767507052803 0.5021562576293945
122.98503239797522 -5.769960662940097 -0.09308106005971008 0.5348527431488037
133.9330077789666 -6.791963094713647 -0.10180748480576426 0.5714166164398193
146.3301333646671 -8.058461949807919 -0.11053390955181844 0.6025047302246094
157.2586054515152 -9.271372400058155 -0.11344278343392328 0.636786699295044
168.42627860733742 -10.543727105864601 -0.11926048197181835 0.6825370788574219
184.4385702207758 -12.462466140237844 -0.13089548526707898 0.7156260013580322
195.58233770099963 -13.929523248657999 -0.13671318380497405 0.7475910186767578
207.20151410002583 -15.527988983440455 -0.14834818710023467 0.7804403305053711
219.28463098573786 -17.333763615477338 -0.15416588563812975 0.8217282295227051
231.59848613883864 -19.247324015892822 -0.16289231038418392 0.8525097370147705
242.20739341063958 -20.99088191310026 -0.16871000892207896 0.8864724636077881
253.04685462940654 -22.837157732199778 -0.17743643366813314 0.9244368076324463
264.1103016714475 -24.82108055343439 -0.15416957636261827 0.958848237991333
271.3537417247373 -25.946731051933924 -0.11927715850529486 0.9924290180206299
277.6616015723994 -26.702703137603805 -0.06696505158291008 1.031451940536499
282.78136875293256 -27.046062007912198 -0.017554306240087733 1.07065749168396
288.4004630609178 -27.14471144345647 0.04345640450289302 1.1027166843414307
292.30630966544345 -26.97487046744306 0.08415826268627988 1.1394867897033691
296.68897309135343 -26.605159876134103 0.11905068054360327 1.1816775798797607
302.0265376964273 -25.966700012627378 0.14813130097906232 1.2223315238952637
307.34328132597506 -25.173312283764872 0.15976630427432295 1.2706830501556396
312.16796578094784 -24.395864136798284 0.15394860573642788 1.303912878036499
316.0312663740902 -23.796370865573447 0.1481309071985328 1.3383097648620605
319.897989240976 -23.21936313085903 0.14231320866063774 1.3725056648254395
324.00987940219227 -22.63020404496504 0.13358678391458356 1.4083142280578613
327.88458508516834 -22.109493448250603 0.1277690853766885 1.444335699081421
332.00460885714546 -21.58019840317492 0.1190426606306343 1.4826300144195557
336.37171135965934 -21.05785717498007 0.10740765733537369 1.5168781280517578
340.25871955174637 -20.638749826122645 0.10158995879747862 1.5546071529388428
345.36353164126785 -20.118360714630768 0.09868108491537378 1.596407413482666
349.2540491547098 -19.733189151791983 0.09868108491537378 1.6296467781066895
353.1445666681517 -19.348017588953198 0.09868108491537378 1.666172981262207
357.2782415261837 -18.938772803436986 0.10158995879747862 1.7054443359375
361.89688103575077 -18.46794455970624 0.11031638354353279 1.747314453125
366.7540968881331 -17.929929806522555 0.11613408208142785 1.7823741436004639
370.88000000329424 -17.448605995868956 0.11904295596353269 1.8156311511993408
374.7618687572935 -16.98430153547441 0.12486065450142776 1.849806785583496
379.3683022563249 -16.406131514261208 0.1277695283835326 1.89011812210083
383.7306801195553 -15.845699533970707 0.1277695283835326 1.9223544597625732
387.36599500558066 -15.378672883728624 0.12486065450142775 1.9561223983764648
391.24509689950185 -14.891792865864877 0.12486065450142775 1.9872832298278809
394.881754925053 -14.435342849117614 0.1277695283835326 2.021841049194336
399.0017784625484 -13.906045978843252 0.13067840226563743 2.0566811561584473
403.1202449134986 -13.364766735942085 0.13358727614774227 2.0925142765045166
407.7214576076628 -12.746420637474156 0.13067840226563743 2.1279571056365967
411.839924058613 -12.205141394572989 0.13358727614774227 2.1673052310943604
416.4411367527772 -11.586795296105059 0.13067840226563743 2.214198350906372
422.739967795407 -10.758956454020922 0.13067840226563743 2.2787632942199707
430.25011250008095 -9.771917834612912 0.1277695283835326 2.324711561203003
434.8548446890464 -9.180350744306272 0.12486065450142775 2.381627082824707
441.8857168717785 -8.297880711928231 0.1277695283835326 2.4281318187713623
446.975157712214 -7.644043401589314 0.13067840226563743 2.469796657562256
451.57814962798193 -7.039084247758598 0.13358727614774227 2.502232789993286
455.21068596547997 -6.550916275283917 0.1364961500298471 2.5356905460357666
459.0838603142878 -6.018934960804679 0.1364961500298471 2.5747339725494385
463.1991080598961 -5.4537048141704885 0.13358727614774227 2.6074819564819336
467.0738134865607 -4.932992310197496 0.13358727614774227 2.6404740810394287
470.70634982405875 -4.444824337722815 0.1364961500298471 2.688448905944824
476.27403795046996 -3.6801011981589093 0.1452225747759013 2.731405258178711
481.1095187525889 -2.9729017046512776 0.15104027331379638 2.765349864959717
484.9745465303367 -2.384646715334829 0.15685797185169145 2.80033278465271
488.83608663025905 -1.7739162413045246 0.16267567038958652 2.8341927528381348
492.69400835652016 -1.1407309530513365 0.16267567038958652 2.869335889816284
496.7930501906726 -0.4679715842823242 0.15976679650748168 2.901658773422241
500.8940316521161 0.1928613592784142 0.1510403717614275 2.937615156173706
503.3096739770133 0.5605209654154608 0.14522267322353244 2.972726821899414
504.5185441601375 0.7373209578027754 0.1830201303071794 3.0054140090942383
504.5185441601375 0.7373209578027754 0.2585073535136403 3.0404984951019287
504.75477127774536 0.7997850529684865 0.3657232682106253 3.09198260307312
504.75477127774536 0.7997850529684865 0.5441558692840875 3.125453472137451
504.1276096708916 0.42029401566673197 0.6628593434338672 3.1596133708953857
504.5128143960289 0.721022093578787 0.7786937574709742 3.1963016986846924
505.38248073715874 1.5791047306602657 0.8859096721679592 3.2319231033325195
507.7010267027195 4.417761599352874 0.9758417794397108 3.2625536918640137
510.30305633143047 8.262622060505983 1.0368524901826917 3.2976784706115723
513.2875904613812 13.310655761998024 1.0891645971050765 3.328623056411743
516.5700261907389 19.590586708322068 1.1211513864472222 3.3653533458709717
519.9685542758036 26.63245730326329 1.144418243752737 3.3996551036834717
523.7076133483987 34.86383639783145 1.158961628741919 3.431964635848999
527.2287594933885 42.924805838920065 1.1705966320371797 3.471827507019043
532.2742424858203 54.85185436236165 1.1909559931679041 3.5063936710357666
535.716918469698 63.47519609789231 1.1967736917057992 3.5397026538848877
539.5557434749987 73.25568657532034 1.2055001164518533 3.570430040359497
543.7455085478739 84.21042169448577 1.1996824179139582 3.6107916831970215
547.5558685847711 94.00203687225901 1.202591291796063 3.645463228225708
551.3377299674224 103.80469446511582 1.2113177165421172 3.679839611053467
555.1198638764116 113.86870811460277 1.2171354150800122 3.7277615070343018
560.4512687120977 128.30980655440916 1.2316788000691943 3.7623801231384277
563.8651526934766 137.98787667961594 1.2433138033644549 3.7988359928131104
567.3233966740876 148.16773209180886 1.2549488066597154 3.832369804382324
570.5111679683698 157.92261596411026 1.266583809954976 3.8819315433502197
575.4150255585536 173.5420906617438 1.2869431710857004 3.9183292388916016
578.2891173621948 183.3939555355115 1.298578174380961 3.952652931213379
581.0483907363215 193.27859289019335 1.3102131776762216 3.9872491359710693
583.6924721532006 203.19466462489004 1.3276646983276874 4.021666049957275
586.1631091985568 213.15536729974434 1.339299701622948 4.056653261184692
588.461627403359 222.9063130520208 1.35384308661213 4.092146873474121
590.618095773564 232.6896546677445 1.3742024477428545 4.124376535415649
592.670404628073 242.99414882156333 1.394561808873579 4.1619768142700195
594.4696700743732 253.0977268531562 1.4120133295250448 4.197702884674072
595.9764421447958 262.5073477086917 1.4323726906557692 4.234875917434692
596.9204723147525 269.2835958027565 1.4904848286092214 4.28764009475708
597.5281563994835 276.833909622361 1.609188302759001 4.323797225952148
597.396855648183 280.25223419899703 1.6904576074446862 4.357462167739868
596.9593200605924 283.8912163124713 1.7746159361739438 4.3925461769104
596.0196100514277 288.43769354799156 1.8587742649032013 4.427918434143066
594.9092466085248 292.1862368223693 1.9168864028566535 4.4684038162231445
593.0028306744535 297.4729684062011 1.9778971135996342 4.51382851600647
590.680866061529 302.85800030588064 2.024405664579292 4.556665897369385
588.432279196977 307.47034985998516 2.050579624668601 4.588826894760132
586.5149007220684 311.1552391270264 2.0593060494146553 4.620845079421997
584.680113925371 314.60749072067983 2.0534883508767603 4.655323266983032
582.7520252427562 318.28678727822603 2.044761926130706 4.7077202796936035
579.6293522980054 324.37428634387084 2.021495068825191 4.738210916519165
578.0328146737504 327.6734825834013 2.006951683836009 4.772322654724121
576.17474787891 331.65996128170724 1.9895001631845433 4.8111488819122314
574.28718519904 335.9014960610047 1.9807737384384891 4.8437659740448
572.7288880650443 339.4870495325623 1.974956039900594 4.874631881713867
571.1914768532589 343.0816079784767 1.969138341362699 4.913802146911621
569.4854444412804 347.1354799591162 1.969138341362699 4.947211027145386
568.0637507646315 350.5137066096491 1.9720472152448039 4.979846715927124
566.5368019825493 354.11272190165823 1.9720472152448039 5.017367601394653
564.8189846027068 358.1616141051685 1.9720472152448039 5.048213005065918
563.4829044183848 361.31075248567646 1.977864913782699 5.088754653930664
561.6448197067634 365.5739619277907 1.9807737876648037 5.125306844711304
559.8917352324519 369.60770949699514 1.9865914862026988 5.157979488372803
558.3126047415698 373.1841365615366 1.9865914862026988 5.192504644393921
556.7334742506877 376.76056362607807 1.9865914862026988 5.226904392242432
555.1543437598056 380.33699069061953 1.9865914862026988 5.261739492416382
553.4765176132433 384.1369444466948 1.983682612320594 5.295657634735107
551.9077971639081 387.717949865157 1.983682612320594 5.32963228225708
550.4371217426562 391.07514244496525 1.9865914862026988 5.361774206161499
548.9566869074544 394.4280428179728 1.9895003600848036 5.398422956466675
547.3671597369033 397.9998612665083 1.9895003600848036 5.434855222702026
545.6782871181929 401.79491836807716 1.9924092339669084 5.474100112915039
543.4784103176839 406.69979033105733 1.9924092339669084 5.518624544143677
541.8784999173138 410.26696994049746 1.9924092339669084 5.552247762680054
540.1785951169205 414.0570982755276 1.9953181078490132 5.587949514389038
538.367030012879 418.0649226853483 1.9953181078490132 5.63170313835144
536.3541798972773 422.5180609184823 1.9953181078490132 5.6647350788116455
534.7438998047959 426.08057150498956 1.9953181078490132 5.699616432189941
533.1336197123145 429.6430820914968 1.9953181078490132 5.732342004776001
531.5233396198331 433.20559267800405 1.9953181078490132 5.767848014831543
529.9130595273517 436.7681032645113 1.9953181078490132 5.8014304637908936
528.0008519175301 440.9985845859886 1.998226981731118 5.84080171585083
526.2789259984427 444.7787592189353 2.001135855613223 5.881340503692627
524.1382667004964 449.442179537414 2.004044729495328 5.9140589237213135
522.4969596347875 452.99050234844344 2.009862428033223 5.947429895401001
520.8350373885412 456.5292165362028 2.009862428033223 5.978505611419678
519.2769852826852 459.8467610872272 2.012771301915328 6.015599250793457
517.291237245054 464.0432256570135 2.015680175797433 6.048316478729248
515.6087558931754 467.57221136905576 2.015680175797433 6.0818774700164795
513.9262745412967 471.101197081098 2.015680175797433 6.121243238449097
511.8231728514483 475.5124292211508 2.0214978743353282 6.15479040145874
510.2266259712711 478.81162098156585 2.0244067482174333 6.191455841064453
508.4063373205394 482.545425790928 2.0214978743353282 6.226750373840332
506.5969175230053 486.28450978606503 2.018589000453223 6.26238226890564
504.7983818891491 490.0288413285634 2.015680126571118 6.3025803565979
502.5901253428144 494.66063518432316 2.012771252689013 6.335846424102783
500.9179166429788 498.19450016751256 2.012771252689013 6.370723485946655
499.2457079431432 501.72836515070196 2.012771252689013 6.405893325805664
498.4096035932254 503.49529764229663 2.0244062559842737 6.439924716949463
497.98130081373625 504.3738401612068 2.0767183629066586 6.480406761169434
497.62606006811757 505.0150492855617 2.172418242777472 6.521834135055542
496.9345846191825 506.02226676976005 2.2911217169272518 6.571547031402588
495.00045058984136 508.22604707019946 2.435553070491255 6.62775444984436
490.53808028683613 512.0309569906965 2.5685715151557527 6.662553548812866
486.2264459776031 514.81299237511 2.635376245100852 6.714519262313843
476.609878124928 520.1444346422869 2.7079705057361436 6.75014591217041
469.2927280388199 523.5323654512501 2.7399572950782893 6.782296895980835
461.4211668764664 526.8755925386787 2.7545006800674714 6.818024158477783
451.6916811531666 530.8419105996122 2.7574095539495764 6.857196807861328
442.40376802349925 534.5967473067672 2.7661359786956305 6.89245343208313
431.94681760114344 538.7183972284676 2.7719536772335256 6.924623012542725
422.37743548330087 542.4260340862857 2.7719536772335256 6.958657264709473
412.5802109340811 546.221948012147 2.7748625511156306 6.9924657344818115
402.54388776144197 550.0769609585496 2.7806802496535257 7.027485132217407
392.7139113568564 553.7872352456709 2.7835891235356307 7.063997507095337
382.41547557910894 557.64013992201 2.7864979974177357 7.117638826370239
366.1492181083584 563.6718763943397 2.801041382406918 7.152256011962891
355.7851121700544 567.3444724806193 2.803950256289023 7.19054102897644
346.3325665489293 570.6631333976451 2.812676681035077 7.244183301925659
330.6077400440929 576.0302385219339 2.8243116843303375 7.295294523239136
315.75013342490007 580.9090974082725 2.8417632049818033 7.3388121128082275
306.17888626085664 583.8680426133137 2.862122566112528 7.388193368911743
291.61720084383677 588.0469650463258 2.891203186547987 7.426537036895752
282.38487105580623 590.4081963781055 2.9115625476787113 7.457842826843262
273.82011449186314 592.4138492655547 2.9348294049842263 7.494766473770142
264.2544484399787 594.420352649289 2.9580962622897413 7.53192663192749
253.92395878998175 596.3375263481719 2.9784556234204658 7.564381122589111
245.4853949380346 597.7265125278725 2.992999008409648 7.600503444671631
235.57760284864725 599.209679718421 3.019172968498957 7.636481285095215
228.05956268238705 600.1346612208542 3.0685837138417797 7.672109127044678
222.4545738907646 600.544604142432 -3.130443264608549 7.718228340148926
217.07929390943036 600.4846705715916 -3.0203526758424344 7.751753091812134
213.6835595227139 600.0709426738163 -2.939083371156749 7.786700010299683
209.13585486325127 599.1371908412984 -2.8549250424274915 7.819520711898804
205.62023455538466 598.1008308345876 -2.788120312482392 7.859937429428101
200.80620004561985 596.3246036431851 -2.727109601739411 7.899843692779541
196.10942407926808 594.2581557685498 -2.6776988563965887 7.934013843536377
192.17601218849777 592.2902392246685 -2.6544319990910736 7.967695713043213
188.28944802177148 590.2313454430338 -2.642796995795813 8.001445770263672
184.85625121668 588.3611466961815 -2.642796995795813 8.037429809570312
181.2084796112703 586.3740605276511 -2.651523420541867 8.070607423782349
177.54350695693716 584.4188816178353 -2.6660668055310492 8.104241609573364
173.8504879678013 582.5172087037198 -2.6806101905202313 8.137992858886719
169.91136349206275 580.5607519598145 -2.692245193815492 8.179419994354248
165.50956269242175 578.4379812629286 -2.7038801971107524 8.217639207839966
161.74729205776603 576.6772800395504 -2.7126066218568066 8.251668930053711
158.19200564090616 575.0511121056304 -2.7184243203947016 8.294737577438354
153.73614719960003 573.0442909221866 -2.7242420189325967 8.33065414428711
149.49206205144662 571.162469620986 -2.7271508928147017 8.36735224723816
145.68984100861593 569.4897878616983 -2.7242420189325967 8.404103994369507
141.8925016655313 567.8060530132558 -2.7213331450504916 8.437227487564087
138.10007615353643 566.1112793226503 -2.7126067203044375 8.471460103988647
134.7669949876437 564.5867472127343 -2.7096978464223325 8.508660793304443
130.5507272822338 562.643400411274 -2.7067889725402274 8.544092178344727
127.00496145102053 560.996576703217 -2.7067889725402274 8.577873229980469
123.23758525535645 559.2468265134065 -2.7038800986581224 8.617823362350464
117.92614460409523 556.761130145712 -2.7038800986581224 8.672143697738647
112.83601397996989 554.3790044600047 -2.7009712247760174 8.719768285751343
108.63686545322676 552.3989383487904 -2.6980623508939123 8.75141716003418
104.88490192097368 550.6163787343479 -2.7009712247760174 8.788359880447388
101.12776902862456 548.8447406348404 -2.6980623508939123 8.821206092834473
97.37580549637147 547.0621810203979 -2.7009712247760174 8.85539722442627
93.61867260402235 545.2905429208904 -2.7038800986581224 8.889208793640137
90.0777121698482 543.6334120090941 -2.7038800986581224 8.921713590621948
86.53675173567404 541.9762810972977 -2.7038800986581224 8.950627565383911
83.43841135577166 540.5262915494759 -2.7038800986581224 8.99157190322876
78.79090078591808 538.3513072277432 -2.7009712247760174 9.027940511703491
74.81276007637196 536.4754551223823 -2.6951535262381223 9.061490535736084
71.28639535820876 534.7874872525128 -2.6951535262381223 9.101730823516846
66.87843946050478 532.677527415176 -2.6951535262381223 9.13810133934021
62.69088135768599 530.673065569706 -2.6980624001202274 9.17526364326477
58.93891773768407 528.8905061399588 -2.7009712740023324 9.20874309539795
55.18178475812374 527.1188682254011 -2.6980624001202274 9.2427077293396
51.650524880474876 525.4411652326979 -2.6980624001202274 9.278468608856201
47.89856126047296 523.6586058029508 -2.6951535262381223 9.31214165687561
43.270207567883766 521.443147973747 -2.6922446523560173 9.365617513656616
38.86840791763772 519.3203748934646 -2.6922446523560173 9.400290966033936
35.126878214928574 517.5160177752246 -2.6951535262381223 9.435503721237183
31.60051349676538 515.8280499053551 -2.6951535262381223 9.470887422561646
27.85375098371699 514.0345840436188 -2.6922446523560173 9.50739049911499
23.45195133347094 511.9118109633364 -2.6864269538181222 9.546807765960693
20.159919651873505 510.3005519463088 -2.683518079936017 9.582266807556152
16.65343345336226 508.5716684352335 -2.677700381398122 9.616664171218872
12.72001856152077 506.6037578898136 -2.671882682860227 9.662582635879517
7.926585616998055 504.17060612368584 -2.666064984322332 9.696705102920532
4.233570091211627 502.26892648381516 -2.663156110440227 9.731582403182983
0.5461019281622534 500.3565123882554 -2.660247236558122 9.768770217895508
-1.6197154828072655 499.225258053386 -2.654429538020227 9.801557302474976
-2.6993152327047847 498.6533404570698 -2.6108239656368983 9.84421682357788
-4.174414901603706 497.78753062434333 -2.5208918583651467 9.881594896316528
-5.764562738565474 496.6506265956715 -2.410801269599032 9.919818878173828
-7.766028632142891 494.85662520088164 -2.315101389728219 9.95539665222168
-10.083517272528553 492.3403920637877 -2.2338320850425335 9.990567684173584
-13.24187557757342 488.29629956810487 -2.161237824407242 10.023919582366943
-16.098595261467707 484.03378107027584 -2.1118270790644194 10.057199239730835
-19.370515289144578 478.5881287691693 -2.0711252208810325 10.090741157531738
-24.176382688388983 469.79792015147854 -2.027519648497704 10.134677171707153
-28.1634651977508 461.68377585830814 -1.9955328591555581 10.169350624084473
-31.989697331974806 453.22363470861416 -1.9780813385040923 10.201698303222656
-35.86129171614795 444.2492946342939 -1.9606298178526265 10.241151571273804
-39.94712831688159 434.30470580847054 -1.948994814557366 10.272184371948242
-43.46586549933552 425.4486448693199 -1.9402683898113118 10.309885501861572
-47.6131002323468 414.73935821661337 -1.9315419650652577 10.34952712059021
-52.09796108152599 402.8511968040257 -1.919906961769997 10.385889053344727
-55.77555013693751 392.74851169648605 -1.914089263232102 10.419345140457153
-59.31205853128956 382.85469141425637 -1.905362838486048 10.454515933990479
-62.76209569070261 372.93038715657406 -1.8908194534968659 10.488849878311157
-66.2211770577902 362.49307859501414 -1.8820930287508117 10.525840282440186
-69.6638890537252 351.79338026628983 -1.864641508099346 10.561472177505493
-72.7070469447504 341.73685196619175 -1.8559150833532918 10.595219373703003
-75.59360497183195 331.88863243456944 -1.8442800800580312 10.640700578689575
-79.4872975627139 318.0079871790308 -1.8297366950688492 10.67562460899353
-82.30278462379613 307.37898503761494 -1.821010270322795 10.72672700881958
-86.05396077445873 292.70128929297977 -1.8035587496713292 10.773751735687256
-89.15389369317732 279.6246657191751 -1.7890153646821472 10.810822248458862
-91.37564285336936 269.605510272935 -1.7715638440306813 10.8456449508667
-93.42221307601955 259.5491095494904 -1.7599288407354208 10.877639532089233
-95.21382486744702 250.1895447142028 -1.7395694796046963 10.915437698364258
-96.93765444451151 240.0728230724864 -1.7163026222991815 10.951165437698364
-98.39022579639075 230.16049915378068 -1.695943261168457 10.983915090560913
-99.21370977643241 223.61475018644174 -1.6523376887851282 11.015804052352905
-99.6117546025544 218.74406583743334 -1.5768504655786673 11.054565668106079
-99.63690263685587 214.59025834276426 -1.4926921368494097 11.088230609893799
-99.29373162190397 210.20543699171333 -1.3883526761505758 11.131226539611816
-98.5844116918287 206.3607850059003 -1.2782620873844615 11.172271251678467
-97.38651588147249 202.38337444701537 -1.1998831669953118 11.207477331161499
-95.96943893174993 198.73969820264583 -1.1417710290418597 11.240764856338501
-94.24148717622253 194.9622742316084 -1.1039735719582127 11.277252197265625
-92.26205829315938 191.03464314875063 -1.0748929515227537 11.309380292892456
-90.401797129956 187.59605156790028 -1.063257948227493 11.342644691467285
-88.50165475846934 184.17933638759934 -1.063257948227493 11.374906063079834
-86.48275348876477 180.54907650852957 -1.066166822109598 11.409909963607788
-84.592557935879 177.1268485168451 -1.0778018254048585 11.447952270507812
-82.62666637829055 173.4676109582544 -1.0923452103940405 11.478635311126709
-80.93919476026981 170.21398717069562 -1.1010716351400947 11.517572164535522
-78.83777547558753 166.0742351075409 -1.1156150201292767 11.553853273391724
-76.90420300132276 162.1238272662034 -1.1272500234245373 11.588764905929565
-75.22644333246495 158.59259431597596 -1.1330677219624323 11.620723247528076
-73.67282982279625 155.27296884385282 -1.1417941467084864 11.659204244613647
-71.94496539295864 151.49550492761216 -1.1447030205905913 11.700595378875732
-69.72313496247628 146.60053848760168 -1.1447030205905913 11.7352135181427
-68.10725828576184 143.04056289486678 -1.1447030205905913 11.770396709442139
-66.39038931675275 139.25808882758596 -1.1417941467084864 11.804048776626587
-64.66252488691514 135.4806249113453 -1.1388852728263816 11.83867335319519
-63.02596463254346 131.93011027413723 -1.1388852728263816 11.871761560440063
-61.28711936227356 128.15768847210364 -1.1359763989442768 11.914055824279785
-59.33144780048347 123.94712332038898 -1.133067525062172 11.947396993637085
-57.777833637179675 120.62749815417281 -1.1301586511800672 11.981852769851685
-56.00613449651533 116.87039404577129 -1.1272497772979624 12.018794059753418
-54.223513924903045 113.11845947490481 -1.1301586511800672 12.050854682922363
-52.4518147842387 109.36135536650329 -1.133067525062172 12.0872483253479
-50.79462634338132 105.82042185587271 -1.133067525062172 12.120874643325806
-49.137437902523935 102.27948834524213 -1.133067525062172 12.171841621398926
-46.444506686130694 96.52547139046744 -1.133067525062172 12.231445789337158
-43.75157546973745 90.77145443569276 -1.138885223600067 12.288646221160889
-41.29673482601182 85.44568260072339 -1.133067525062172 12.338066339492798
-38.707377887172164 79.91297399036311 -1.1359763989442768 12.379762411117554
-36.751706325382074 75.70240883864845 -1.133067525062172 12.4166419506073
-35.19809216207828 72.38278367243228 -1.1301586511800672 12.449802160263062
-33.53061061792361 68.8466856880544 -1.1301586511800672 12.483994960784912
-31.75891147725926 65.08958157965287 -1.133067525062172 12.51924180984497
-30.10172303640188 61.5486480690223 -1.133067525062172 12.554082870483398
-28.340960317990913 57.786406213977315 -1.1301586511800672 12.58745002746582
-26.7776963703459 54.471314353623036 -1.1272497772979624 12.627188444137573
-24.890215765109367 50.498677749176174 -1.1214320787600673 12.668200969696045
-23.191940088977006 46.97726562006162 -1.1156143802221723 12.706711769104004
-21.258365086818575 43.02685901603171 -1.1097966816842773 12.739494562149048
-19.519232263871935 39.525444918932145 -1.1156143802221723 12.78251576423645
-17.263394761353762 34.916637214230576 -1.118523254104277 12.827488899230957
-15.020973224220002 30.301287070798054 -1.121432127986382 12.872429847717285
-12.685844407888954 25.45934527831576 -1.121432127986382 12.905647039413452
-10.987568905102737 21.93793306560136 -1.121432127986382 12.937214851379395
-9.501577840164797 18.856697379476262 -1.1156144294484869 12.970510482788086
-7.568003032470326 14.90629068026358 -1.1097967309105918 13.008440017700195
-5.611478800562282 10.967199724714092 -1.1039790323726968 13.041282892227173
-3.8520055236378425 7.475962488001773 -1.1039790323726968 13.077440023422241
-2.092532246713403 3.9847252512894547 -1.1039790323726968 13.117279529571533
