0.0 0.0 0.0 0.08678579330444336
0.0 0.0 0.0 0.12157773971557617
2.6878070480712672 0.0 -0.008726424746054184 0.1518847942352295
7.085869300488245 -0.038380333506177096 -0.014544123283949247 0.19298982620239258
14.415476869009295 -0.14499056685336809 -0.020361821821844317 0.22854900360107422
21.500044734016612 -0.2892652148950757 -0.023270695703949146 0.26302528381347656
29.805562642033962 -0.4825752901534984 -0.029088394241844208 0.3204939365386963
40.063757206087956 -0.7810538869553354 -0.03490609277973927 0.34991955757141113
47.38967471921952 -1.0368769530921014 -0.03490609277973927 0.39815616607666016
56.66917023585283 -1.360919503532005 -0.03490609277973927 0.4316539764404297
64.23928499942211 -1.625270005206663 -0.031997218897634426 0.47875380516052246
74.00812589920992 -1.9379524635326182 -0.02617952035973934 0.5102765560150146
80.3589474321444 -2.104251918959987 -0.02617952035973934 0.5431714057922363
87.44255606503286 -2.2897397730905134 -0.02327064647763451 0.5843071937561035
95.50379404381516 -2.477363861075122 -0.020361772595529674 0.6205592155456543
102.58836191592458 -2.6216381603696624 -0.011635347849475494 0.6529388427734375
109.18525991489435 -2.6983988273332438 -0.008726473967370665 0.6891207695007324
116.75970045747007 -2.7644986634178172 -0.00581760008526582 0.7306320667266846
123.84561730932326 -2.8057221589628574 -0.0029087262031609906 0.762761116027832
130.19858891123218 -2.8242012660446174 -0.0029087262031609906 0.8013870716094971
136.795905574753 -2.8433911080141376 1.4767894383847097e-07 0.8379931449890137
143.14890405201228 -2.843390169810032 0.005817846216838902 0.8711493015289307
149.25745305348346 -2.807851170143739 0.0029089723347340618 0.9069492816925049
155.12173452797 -2.790792089452674 0.0029089723347340618 0.941154956817627
160.74167094101963 -2.7744438037904033 9.845262922188874e-08 0.9771509170532227
166.36163113244135 -2.7744432504905463 0.0029089723347340618 1.0097687244415283
171.73722248405403 -2.7588057598570703 -0.0029087262031610066 1.0454576015472412
176.86846877790353 -2.7737311925000303 -0.005817600085265841 1.0788156986236572
181.99964994648687 -2.803582689274025 -0.008726473967370675 1.1198086738586426
188.10806973888666 -2.856889008697068 -0.011635347849475515 1.1544287204742432
192.99466084923463 -2.913748762003425 -0.011635347849475515 1.1927549839019775
198.3699110706174 -2.9762944906404174 -0.011635347849475515 1.2282092571258545
203.50083173648278 -3.0359972316120922 -0.00872647396737068 1.2615656852722168
208.3875675704026 -3.078642287150527 -0.00872647396737068 1.3060715198516846
214.4959873628024 -3.13194860657357 -0.00581760008526584 1.3411214351654053
219.38282657097702 -3.160378603501184 -0.00581760008526584 1.3743674755096436
223.53663989792543 -3.1845441008896556 -0.0029087262031610057 1.4097342491149902
227.93485100693928 -3.197337328869336 -0.0029087262031610057 1.4429130554199219
231.84437199272938 -3.2087090870734962 -0.0029087262031610057 1.485161304473877
236.731273224967 -3.2229237848286965 -0.0029087262031610057 1.5237553119659424
241.61817445720462 -3.2371384825838967 -0.0029087262031610057 1.5579557418823242
245.5276954429947 -3.248510240788057 -0.0029087262031610057 1.5922904014587402
249.92590655200857 -3.2613034687677374 -0.0029087262031610057 1.6251671314239502
253.83542753779867 -3.2726752269718977 -0.0029087262031610057 1.658756971359253
257.7449485235888 -3.284046985176058 -0.0029087262031610057 1.6997425556182861
262.8761948174383 -3.298972417819018 -0.00581760008526584 1.7421958446502686
267.7630340256129 -3.327402414746632 -0.00581760008526584 1.783087968826294
272.4055312733788 -3.354410911827865 -0.0029087262031610057 1.8277051448822021
276.3150522591689 -3.3657826700320252 -0.0029087262031610057 1.8610963821411133
280.4689183065709 -3.3778651631239454 1.4767894382893e-07 1.893005132675171
284.86714802159656 -3.3778645135980265 1.4767894382893e-07 1.9360463619232178
289.2653777366222 -3.3778638640721077 1.4767894382893e-07 1.9706549644470215
293.66360745164786 -3.377863214546189 1.4767894382893e-07 2.0106565952301025
298.7948754525111 -3.37786245676595 0.0029090215610486636 2.047123908996582
302.94874149634427 -3.365778736796929 0.005817895443153498 2.079615831375122
306.8582128561662 -3.3430335845616344 0.005817895443153498 2.122840404510498
311.9893940159324 -3.31318057225281 0.008726769325258333 2.1589488983154297
316.14311946405786 -3.2769310482095646 0.011635643207363168 2.1920573711395264
320.0523923389009 -3.2314420909298986 0.011635643207363168 2.2288033962249756
324.20599476842165 -3.1831100738202536 0.008726769325258333 2.2630152702331543
328.3597202165471 -3.146860549777008 0.005817895443153498 2.302255630493164
332.75787549634674 -3.1212722535123016 0.005817895443153498 2.338437080383301
337.1560307761464 -3.095683957247595 0.005817895443153498 2.3719944953918457
341.30984409595715 -3.0715172329975946 0.008726769325258333 2.406400442123413
345.7079063351488 -3.033135384010629 0.008726769325258333 2.4405264854431152
349.61729499220803 -2.999018184911104 0.008726769325258333 2.476421356201172
353.7710204403335 -2.9627686608678587 0.005817895443153498 2.5150513648986816
358.65785964011087 -2.9343372205737404 0.005817895443153498 2.5491223335266113
362.5673309999328 -2.9115920683384457 0.005817895443153498 2.5863888263702393
366.72114431974353 -2.887425344088445 0.0029090215610486636 2.6191647052764893
370.8750103635767 -2.8753416241194243 1.4767894382893e-07 2.658698558807373
374.78454788804396 -2.875341046763052 1.4767894382893e-07 2.694370985031128
379.1827776030696 -2.875340397237133 1.4767894382893e-07 2.733088970184326
383.3366612228161 -2.875339783795987 -0.0029087262031610057 2.768094778060913
387.4905272702181 -2.887422276887907 1.4767894382893e-07 2.801870584487915
391.1557186994061 -2.887421735616308 0.002909021561048666 2.838975429534912
395.06523968183734 -2.876048822704288 0.008726720098943732 2.8728582859039307
399.2189651317472 -2.8397995031336385 0.011635593981048567 2.9076409339904785
403.1282380088295 -2.7943107382930688 0.011635593981048567 2.942999839782715
407.2818404407294 -2.745978925649964 0.014544467863153401 2.9763996601104736
410.7023239555624 -2.6962263047937842 0.014544467863153401 3.0083441734313965
414.6114479725144 -2.639366166672436 0.020362166401048466 3.045102119445801
419.0087659268341 -2.549814869904981 0.020362166401048466 3.078007459640503
422.9174929973405 -2.4702137172227987 0.020362166401048466 3.115516424179077
427.3148109516602 -2.3806624204553435 0.020362166401048466 3.1518266201019287
431.7121289059799 -2.2911111236878883 0.020362166401048466 3.184288740158081
435.6208559764863 -2.211509971005706 0.020362166401048466 3.218149185180664
439.77387848889936 -2.126933746280887 0.017453292518943633 3.2544443607330322
444.1714383322362 -2.050174053694117 0.017453292518943633 3.288770914077759
448.08038041520234 -1.98194321583921 0.017453292518943633 3.322732448577881
451.98932249816846 -1.9137123779843033 0.017453292518943633 3.358736038208008
455.8982645811346 -1.8454815401293965 0.017453292518943633 3.392975091934204
459.8072066641007 -1.7772507022744897 0.017453292518943633 3.4277141094207764
463.7161487470668 -1.7090198644195829 0.017453292518943633 3.46445369720459
468.3580174705891 -1.627995744466881 0.020362166401048466 3.498232126235962
472.9996308668155 -1.5334693756567892 0.017453292518943633 3.5430381298065186
477.39719071015236 -1.456709683070019 0.023270991056838698 3.5780162811279297
481.79422957240536 -1.3543677563138927 0.029088689594733763 3.6129612922668457
485.9463559078875 -1.2335537645992043 0.031997563476838596 3.649841070175171
490.0981132445059 -1.1006622892014264 0.03490643735894343 3.6843581199645996
493.7610719569958 -0.9727494939536377 0.03781531124104827 3.718677043914795
497.9119859085079 -0.8157065267744138 0.046541735987102456 3.7530226707458496
500.3528009080431 -0.7020246642648996 0.058176739282363076 3.7959303855895996
501.0845990475843 -0.6594029389618282 0.1307709999176547 3.8415110111236572
500.6000794814541 -0.7231277155386915 0.25806970170354665 3.882713556289673
500.3638250489461 -0.7854884194999303 0.3825053647056331 3.921576499938965
499.91044945501204 -0.9678907986995696 0.5212348105070609 3.956238031387329
499.91044945501204 -0.9678907986995696 0.6656661640710644 3.99484920501709
500.29480857411534 -0.6660827062386355 0.7815005781081714 4.0289466381073
500.9886121217308 0.022333494738128845 0.8973349921452785 4.068619251251221
502.51258730885206 1.932307593216474 1.0074255809113928 4.105650424957275
504.20896196536194 4.617910028009437 1.103125460782206 4.1402881145477295
505.971414621883 8.107644156670194 1.178612683988667 4.18216609954834
508.3061854108424 13.752507245080217 1.2627710127179244 4.218408823013306
510.0841110315634 19.34080472386783 1.3208831506713765 4.252023220062256
511.594901922132 25.259685091711624 1.3760957379232224 4.286056995391846
512.8713085811394 31.732377070297186 1.4255064832660447 4.322460651397705
513.9325957341456 38.985526898422854 1.4720150342457021 4.361982583999634
514.7760113413989 47.495949485123845 1.515620606629031 4.408724784851074
515.315016627604 57.2549195202533 1.5563224648124179 4.4676032066345215
515.4883055282892 69.22662408722476 1.5883092541545636 4.5187764167785645
515.3128666644297 79.24327773036794 1.608668615285288 4.576171636581421
514.7392591688903 94.38187242493724 1.6203036185805486 4.632954120635986
514.4006839386481 101.21518040918406 1.6203036185805486 4.668872833251953
514.0137408183713 109.02467524832328 1.6203036185805486 4.709006309509277
513.6630736156204 116.10202994629319 1.6173947446984438 4.746400833129883
513.3329949996643 123.18037474682744 1.614485870816339 4.780511140823364
513.0555236844615 129.52731096214418 1.614485870816339 4.814594984054565
512.7887243429204 135.6301342461026 1.6115769969342342 4.850665330886841
512.5197547768045 142.2219936788657 1.6086681230521294 4.8864195346832275
512.297716050164 148.08209496025256 1.6086681230521294 4.921114444732666
512.0664257099136 154.18636712836388 1.6057592491700245 4.956086874008179
511.87851682050245 159.55869596788278 1.6057592491700245 4.99156928062439
511.6649839916262 165.66361510369973 1.6028503752879197 5.031457185745239
511.4848723617957 171.28068839447712 1.599941501405815 5.062984228134155
511.3353418315988 176.40977719437356 1.5970326275237101 5.110480070114136
511.1302217612607 184.22616129302276 1.5970326275237101 5.147931098937988
511.00202171729944 189.1114013546785 1.5970326275237101 5.18287467956543
510.86100166894204 194.48516542249982 1.5970326275237101 5.2161338329315186
510.73280162498077 199.37040548415555 1.591214928985815 5.252244472503662
510.6330244441621 204.25630869906536 1.591214928985815 5.288470983505249
510.53324726334347 209.14221191397516 1.591214928985815 5.321077346801758
510.4484366596476 213.2952296466485 1.5883060551037103 5.357040643692017
510.36715057229617 217.93709379011838 1.5853971812216054 5.395418167114258
510.292232337164 223.06781484614245 1.5883060551037103 5.430106163024902
510.21522446493634 227.46537035048235 1.5883060551037103 5.463014841079712
510.14249480783246 231.61861721569224 1.5853971812216054 5.500446557998657
510.0818467127255 235.77205807056885 1.5883060551037103 5.55213737487793
509.97489133463154 241.8797740488187 1.591214928985815 5.584824562072754
509.88010301285385 246.52138210298298 1.5941238028679199 5.630436182022095
509.77181325870515 251.16269479268348 1.5970326767500247 5.6663432121276855
509.66284301692804 255.31514883972667 1.5999415506321295 5.700458288192749
509.5417942880894 259.46726833844593 1.6028504245142343 5.7361979484558105
509.4086680964481 263.61901815551073 1.5999415506321295 5.7727460861206055
509.28049885414833 268.01537997768406 1.5999415506321295 5.808022975921631
509.1665706387708 271.92325715294925 1.5999415506321295 5.84199595451355
509.03840139647104 276.3196189751226 1.5941238520942345 5.886486291885376
508.91871246830834 281.449490889426 1.5912149782121296 5.937985897064209
508.8039684337746 287.06827958092384 1.5941238520942345 5.978070974349976
508.70137792392086 291.4653126503268 1.5941238520942345 6.011873722076416
508.60448688683675 295.6180661047629 1.5970327259763393 6.046489000320435
508.4955164406496 299.77052014644187 1.599941599858444 6.082162141799927
508.3673469819332 304.1668819623059 1.599941599858444 6.121140956878662
508.23205699773257 308.8074861012735 1.602850473740549 6.165679454803467
508.059775779358 314.1803387972295 1.602850473740549 6.197573184967041
507.9266493833413 318.33208860774096 1.599941599858444 6.235733270645142
507.8056004501092 322.48420810050146 1.602850473740549 6.271876096725464
507.6724740540925 326.6359579110129 1.599941599858444 6.303159475326538
507.5443045953761 331.03231972687695 1.594123901320549 6.3464133739471436
507.44741335386726 335.1850731765435 1.5912150274384442 6.381161451339722
507.3626023412959 339.338090900867 1.5883061535563394 6.415694952011108
507.2941505144705 343.2470291202076 1.5883061535563394 6.448850393295288
507.22142044846856 347.40027597825707 1.5912150274384442 6.492168426513672
507.12164278661993 352.2861791833435 1.5970327259763393 6.525950193405151
507.0254923929254 355.9501092201191 1.599941599858444 6.5569634437561035
506.91156398517745 359.85798638977604 1.599941599858444 6.592550754547119
506.78339452646105 364.2543482056401 1.6057592983963391 6.628080368041992
506.6467333236457 368.1614964458356 1.6115769969342342 6.660524606704712
506.4873439511326 372.0677835171026 1.6115769969342342 6.696439504623413
506.2881072354911 376.9506423561864 1.6115769969342342 6.742175817489624
506.11875602719584 381.1010723694076 1.6086681230521294 6.776385068893433
505.9799818230456 384.76363567027437 1.6115769969342342 6.80755615234375
505.8305542863145 388.4257797995872 1.614485870816339 6.852097034454346
505.5850988920967 394.04037722082893 1.6173947446984438 6.8874828815460205
505.4029865522588 397.94567090388233 1.6173947446984438 6.9206767082214355
505.22087421242094 401.85096458693573 1.6173947446984438 6.953016757965088
505.03876187258305 405.75625826998913 1.6173947446984438 6.990101099014282
504.8452675115053 409.90563280823335 1.6203036185805486 7.025149822235107
504.6517959513669 413.81038022780297 1.6203036185805486 7.057826042175293
504.4704163637372 417.4710809336495 1.6173947446984438 7.092958211898804
504.2655399814195 421.8645363270845 1.6173947446984438 7.135887622833252
504.00375349290255 427.47839599647375 1.614485870816339 7.170424938201904
503.8223299406546 431.62831582956545 1.6115769969342342 7.221027612686157
503.61313138923106 436.7553176106034 1.6086681230521294 7.257928133010864
503.45585395786077 440.9062226849191 1.6057592491700245 7.293021202087402
503.3106516342249 445.05756769727464 1.6086681230521294 7.326402187347412
503.1533742028546 449.2084727715903 1.6057592491700245 7.362832069396973
503.01671319237374 453.11562101851314 1.6057592491700245 7.4116363525390625
502.82026298980753 458.7321466234647 1.6086681230521294 7.446257829666138
502.6537339448272 463.12722258450486 1.6144858215900244 7.484919309616089
502.47231059686453 467.2771424265274 1.6173946954721292 7.523059844970703
502.2674344308205 471.67059783004777 1.6173946954721292 7.578079462051392
501.9032101356312 479.48118521408395 1.6232123940100243 7.675896167755127
501.2631202637696 491.68171063930345 1.6290300925479193 7.782896280288696
500.58050495018756 503.39044196385885 1.6348477910858144 7.878110885620117
499.9236238593196 513.6319336725503 1.6406654896237094 7.994740962982178
499.87244874861466 514.3631834496772 1.6900762349665317 8.06901502609253
499.9887548147957 513.392743792913 1.862868669821691 8.1279137134552
500.19982396733985 512.690750244974 2.0497399491575927 8.197627544403076
499.97461412168514 513.1244558853949 2.3274442575494505 8.272554874420166
499.63913285646254 513.4798041340151 2.5450197396966834 8.365931272506714
492.7664007896924 518.1471963870814 2.8494155370612986 8.49756932258606
479.4289436266881 522.1589077195281 3.0697626502867355 8.625931024551392
454.81362677916894 523.9300731968634 -3.060456252356653 8.711952686309814
438.98338006715363 522.6428380349363 -3.0284694630145075 8.785523653030396
425.8730261990676 521.1533941491926 -3.0226517644766124 8.847787618637085
413.4994185542222 519.6746866091403 -3.043011125607337 8.90507459640503
403.0435497324466 518.6405789831153 -3.0691850856966463 8.940389394760132
395.4886687110116 518.0925904126995 -3.0779115104427004 8.977854490280151
387.6854426055676 517.5949992469936 -3.089546513737961 9.013408899307251
381.5850619169803 517.2772109870104 -3.098272938484015 9.047693014144897
375.482140380265 517.0126686641811 -3.106999363230069 9.085438013076782
369.1329428270375 516.7929413737737 -3.1128170617679642 9.124533414840698
362.04983960361784 516.5890646111345 -3.1157259356500693 9.157055377960205
356.18749507336565 516.4373911696151 -3.1157259356500693 9.195948600769043
350.0808861876863 516.2793980013657 -3.1186348095321743 9.238484382629395
343.2409984403276 516.1223413312215 -3.1186348095321743 9.271975755691528
337.8668009245457 515.9989396618224 -3.1186348095321743 9.308797597885132
331.5154765877126 515.8531013252599 -3.1186348095321743 9.342120170593262
326.8741241877192 515.7465271562335 -3.1157259356500693 9.379570245742798
321.25604401289417 515.6011734414441 -3.1128170617679642 9.424891233444214
313.6844509119973 515.3832362124159 -3.109908187885859 9.484686136245728
305.1366299743481 515.1123124063844 -3.106999314003754 9.542327880859375
297.3222329990729 514.8418784335166 -3.106999314003754 9.594508647918701
289.75203592927505 514.5798955223011 -3.104090440121649 9.631648302078247
284.8685501435608 514.3966680898432 -3.104090440121649 9.662797451019287
280.96176151498946 514.2500861438768 -3.104090440121649 9.70007848739624
276.0782757292752 514.066858711419 -3.104090440121649 9.741821765899658
270.7064413649896 513.8653085357153 -3.104090440121649 9.774563789367676
266.79965273641824 513.7187265897489 -3.104090440121649 9.810356140136719
262.40451552927544 513.5538219005368 -3.104090440121649 9.844971418380737
258.4977269007041 513.4072399545705 -3.104090440121649 9.877903461456299
254.59093827213272 513.2606580086042 -3.104090440121649 9.912075996398926
250.43997535427565 513.104914691015 -3.106999314003754 9.953426599502563
245.31177733925128 512.9274423963205 -3.109908187885859 9.988200664520264
241.4042020534688 512.8035915135633 -3.109908187885859 10.026334524154663
237.2524033123249 512.6719999506338 -3.1128170617679642 10.07157015800476
232.12325959881414 512.5243650535502 -3.1157259356500693 10.120323181152344
226.50517942398912 512.3790113387608 -3.1128170617679642 10.163051128387451
221.13179077173973 512.2243462084828 -3.1128170617679642 10.200283765792847
216.9796268131834 512.104832244177 -3.109908187885859 10.232816457748413
213.3162749827623 511.9887220415921 -3.106999314003754 10.268216609954834
209.4090764951247 511.8535050551582 -3.106999314003754 10.302061796188354
205.0134781965324 511.7013859454201 -3.106999314003754 10.342158079147339
200.3736799924627 511.5408157740299 -3.104090440121649 10.376419305801392
196.46689136389134 511.39423382806353 -3.098272741583754 10.411139011383057
192.07278789496007 511.20376249042624 -3.092455043045859 10.447551012039185
187.92391805218296 510.9997327031577 -3.089546169163754 10.481545209884644
184.01967448156836 510.7963468714669 -3.089546169163754 10.518059015274048
179.87141568779037 510.5802494252954 -3.092455043045859 10.54915452003479
176.21064817945762 510.4002231424114 -3.095363916927964 10.580918073654175
172.54937248597872 510.2308463171533 -3.098272790810069 10.618845701217651
168.15526900767125 510.0403751958215 -3.098272790810069 10.657524585723877
164.00528238926975 509.8604858034526 -3.095363916927964 10.688358783721924
160.58809174202278 509.70240076654505 -3.095363916927964 10.72066593170166
156.68273100231195 509.5217321529364 -3.095363916927964 10.763885736465454
152.2892001701373 509.3184799626267 -3.101181615465859 10.79616117477417
148.3828544503104 509.1605344897321 -3.101181615465859 10.828526973724365
144.72065533797266 509.0124606088933 -3.098272741583754 10.872154951095581
139.10596757211604 508.76908056635676 -3.095363867701649 10.907785415649414
135.20060684129888 508.58841176050163 -3.095363867701649 10.940240383148193
130.80707601912957 508.3851593539146 -3.095363867701649 10.97494626045227
126.9017152883124 508.2044905480595 -3.095363867701649 11.010566473007202
122.50818446614309 508.00123814147247 -3.095363867701649 11.048507690429688
118.35873868964985 507.8092775352514 -3.092454993819544 11.090538263320923
113.23366419039084 507.55724048692525 -3.089546119937439 11.132987260818481
108.10934451709987 507.2902963305797 -3.086637246055334 11.167962789535522
103.96173188421572 507.062132849851 -3.089546119937439 11.201109647750854
100.05748832361307 506.8587468259687 -3.089546119937439 11.237509965896606
95.6652143179351 506.62993754910104 -3.089546119937439 11.272081136703491
91.76097075733244 506.4265515252187 -3.089546119937439 11.307558298110962
87.61271197419214 506.2104538748437 -3.092454993819544 11.340758323669434
83.95194447472142 506.0304274117536 -3.095363867701649 11.378162622451782
80.04658374390425 505.84975860589844 -3.095363867701649 11.410444736480713
76.14122301308709 505.6690898000433 -3.095363867701649 11.445112466812134
72.72403237362207 505.51100459492005 -3.095363867701649 11.480602264404297
68.57458659712883 505.319043988699 -3.092454993819544 11.515811443328857
64.9138190976581 505.13901752560884 -3.089546119937439 11.555055379867554
60.27752986944246 504.8974966222486 -3.086637246055334 11.592122554779053
55.88594002285925 504.6559117603006 -3.086637246055334 11.627683639526367
51.98230460367418 504.44116966079133 -3.086637246055334 11.66259479522705
48.07866918448911 504.22642756128204 -3.086637246055334 11.695828199386597
44.175033765304036 504.01168546177274 -3.080819547517439 11.731825351715088
39.54102869269192 503.72971535443247 -3.077910673635334 11.766353368759155
35.63941584816525 503.48091650668107 -3.077910673635334 11.800581216812134
31.9816538064215 503.24766758691413 -3.075001799753229 11.834766149520874
28.080781192173422 502.98752050807747 -3.075001799753229 11.869007587432861
23.936104039534836 502.7111142368135 -3.072092925871124 11.901671409606934
20.27976087399598 502.45658944742917 -3.069184051989019 11.940107822418213
15.893056093690237 502.1383980010044 -3.0633663534511237 11.976128101348877
11.99547439264021 501.83288116209394 -3.0633663534511237 12.00704288482666
8.585090404221436 501.5655539280473 -3.0575486549132287 12.045662641525269
3.958901115534548 501.1758324638359 -3.0488222301671746 12.084846258163452
-1.3935973540605024 500.6778494885958 -3.037187226871914 12.142113447189331
-3.3377218188439626 500.47413159729786 -3.013920369566399 12.196360349655151
-4.064793875752849 500.380796970465 -2.906704454869414 12.233002424240112
-3.5895209932024734 500.4945323837057 -2.7966138661032995 12.266947269439697
-3.1296212630123668 500.65979670315744 -2.6807794520661923 12.302410364151001
-2.691903977212018 500.8771067002224 -2.5534807502803005 12.342968702316284
-3.3017842519764224 500.47042355702973 -2.4062019617862056 12.38036060333252
-4.3889807550329305 499.48686660506576 -2.273183517121708 12.415834188461304
-5.9675583587931955 497.6217676326983 -2.1688440564228744 12.44980788230896
-7.618448895313382 495.198529614573 -2.076027288690879 12.488120794296265
-9.51070242988741 491.7774391135616 -1.9889813434024264 12.521807670593262
-11.296834693465966 487.75821578521334 -1.9134941201959654 12.556042909622192
-13.103198174008185 482.69518528097876 -1.849585862761467 12.593003511428833
-14.985977556152362 476.1176574024915 -1.7856776053269685 12.630131721496582
-16.340636561681574 469.9107669869293 -1.739169054347311 12.665492296218872
-17.446208421178106 463.40671699693894 -1.6955634819639822 12.700184106826782
-18.328021067844904 456.3757623345805 -1.6577660248803352 12.741753578186035
-19.113306373111598 447.3691263623553 -1.6141604524970063 12.7764413356781
-19.44167493573363 439.8015182324092 -1.587986492407697 12.812441349029541
-19.563479082132215 432.71652841181793 -1.5676271312769725 12.848382472991943
-19.539473325267686 425.1418374976629 -1.547267770146248 12.882859706878662
-19.372764490339634 418.0577620341801 -1.538541345400194 12.918162822723389
-19.144244136007256 410.97541105052943 -1.5298149206541398 12.951880931854248
-18.853929664096814 403.89532386777796 -1.526906046772035 12.98760199546814
-18.57518429589586 397.5484434788179 -1.526906046772035 13.022514343261719
-18.28571795199487 390.957452305667 -1.5298149206541398 13.055981159210205
-17.825219134481753 379.7269691881992 -1.5356326191920349 13.115487098693848
-17.57609915599612 372.6453128675154 -1.5385414930741397 13.162153005599976
-17.32393991908173 364.8303048483186 -1.5443591916120347 13.19758129119873
-17.168922520013826 358.9680477889406 -1.5443591916120347 13.229140043258667
-17.03328229582941 353.8385728619849 -1.5472680654941395 13.263853549957275
-16.895318095006267 347.9758896790446 -1.5472680654941395 13.299929857254028
-16.751605385815495 341.8689280301484 -1.5501769393762443 13.334728956222534
-16.640771370225952 336.49445663924547 -1.5501769393762443 13.366776466369629
-16.540013174235458 331.6085735566064 -1.5501769393762443 13.40013861656189
-16.41406542924734 325.5012197033076 -1.5472680654941395 13.435731410980225
-16.299095261894724 320.61565038419064 -1.5472680654941395 13.469160795211792
-16.172628077806845 315.241524133162 -1.5472680654941395 13.50183916091919
-16.06340641882186 310.6002332800009 -1.5443591916120347 13.542954921722412
-15.908389019753955 304.73797622062295 -1.5385414930741397 13.579840898513794
-15.735029544375314 299.36515820742517 -1.5385414930741397 13.616498947143555
-15.593189973610972 294.969216196627 -1.5385414930741397 13.655139923095703
-15.419830498232331 289.5963981834292 -1.5327237945362446 13.689990282058716
-15.243118579327964 284.95718671464 -1.5356326684183494 13.725166320800781
-15.088492602159954 280.5616758872935 -1.5356326684183494 13.762089967727661
-14.925276292927055 275.92197001398335 -1.5327237945362446 13.795540571212769
-14.767165628644202 271.7710965945404 -1.5298149206541398 13.831419467926025
-14.576959595323567 267.1324187851515 -1.5327237945362446 13.865172863006592
-14.418848931040714 262.98154536570854 -1.5298149206541398 13.899597644805908
-14.248664585438041 258.8311494309922 -1.5327237945362446 13.933024406433105
-14.099854548465943 254.92444503622232 -1.5327237945362446 13.973843336105347
-13.94174388418309 250.77357161677932 -1.5356326684183494 14.007584571838379
-13.804298571144859 246.86645088136024 -1.5356326684183494 14.040722846984863
-13.666853258106627 242.95933014594115 -1.5356326684183494 14.076851844787598
-13.512227280938617 238.56381931859468 -1.5356326684183494 14.121093511581421
-13.32323997551105 233.19152830739344 -1.5356326684183494 14.1623694896698
-13.151433334213262 228.30762738811958 -1.5356326684183494 14.207962989807129
-12.979626692915474 223.42372646884573 -1.5356326684183494 14.252787590026855
-12.807820051617686 218.53982554957187 -1.5356326684183494 14.293877124786377
-12.636013410319897 213.65592463029802 -1.5356326684183494 14.330282211303711
-12.481387433151887 209.26041380295155 -1.5356326684183494 14.3790602684021
-12.275219463594542 203.39973269982292 -1.5298149698804544 14.414732217788696
-12.105035322300566 199.249336756729 -1.5269060959983496 14.448986768722534
-11.933499903366767 195.34356420123257 -1.5269060959983496 14.487173318862915
-11.76196448443297 191.43779164573613 -1.5269060959983496 14.52251124382019
-11.579708101815807 187.28790830552117 -1.5298149698804544 14.555665969848633
-11.419534792362652 183.38165330025632 -1.5298149698804544 14.591469287872314
-11.229328987387031 178.74297548150432 -1.5269060959983496 14.625872611999512
-11.04707260476987 174.59309214128936 -1.5239972221162448 14.662970542907715
-10.841314518189407 170.1996779523081 -1.5239972221162448 14.696362972259521
-10.64698743641897 166.05034232938135 -1.5269060959983496 14.732493162155151
-10.454010090118446 161.65634820444788 -1.5269060959983496 14.771547317504883
-10.25031178013456 157.01824329479587 -1.5239972221162448 14.80588173866272
-10.067415703174147 153.11298623792362 -1.5239972221162448 14.84110689163208
-9.87308862140371 148.96365061499688 -1.52108834823414 14.873092651367188
-9.666692484786623 144.81489781913305 -1.5239972221162448 14.908345222473145
-9.48379640782621 140.9096407622608 -1.5239972221162448 14.943156480789185
-9.300900330865797 137.00438370538856 -1.5239972221162448 14.978890419006348
-9.118004253905385 133.09912664851632 -1.5239972221162448 15.014433145523071
-8.935108176944972 129.19386959164407 -1.5239972221162448 15.047832489013672
-8.729350090364509 124.8004554026628 -1.5239972221162448 15.082849740982056
-8.523592003784046 120.40704121368154 -1.5239972221162448 15.125526428222656
-8.27210989796348 115.03731276048222 -1.5239972221162448 15.16760516166687
-8.03205879695294 109.91166287333742 -1.52108834823414 15.208312749862671
-7.837803609548623 106.00695435958323 -1.52108834823414 15.244411706924438
-7.643548422144306 102.10224584582905 -1.52108834823414 15.277872323989868
-7.449293234739989 98.19753733207486 -1.52108834823414 15.31146502494812
-7.267178996548442 94.53687310043031 -1.5181794743520352 15.347909927368164
-7.06156634239851 90.63274616964651 -1.5181794743520352 15.381639242172241
-6.830252106479837 86.24060337251474 -1.5181794743520352 15.415566444396973
-6.624639452329905 82.33647644173094 -1.5181794743520352 15.450702667236328
-6.406176007295603 78.18834157777316 -1.5152706004699303 15.488322019577026
-6.175647102381546 74.04085974533587 -1.5123617265878255 15.520876169204712
-5.961594972236873 70.38192412166408 -1.5094528527057207 15.556509971618652
-5.691961462075316 65.99196712912611 -1.5094528527057207 15.597447156906128
-5.392368673006919 61.11423713741724 -1.5036351541678257 15.646781921386719
-4.982412770883256 55.01935649197505 -1.5065440280499305 15.696755647659302
-4.668632808024872 50.14251859778721 -1.5065440280499305 15.728835821151733
-4.433297835881083 46.484890177146326 -1.5036351541678257 15.765809059143066
-4.138129586352045 42.096576112427954 -1.5036351541678257 15.797961711883545
-3.8921560450778476 38.439647725162644 -1.5065440280499305 15.835620164871216
-3.594065080362382 33.80665172568419 -1.5036351541678257 15.870140314102173
-3.3152950669182912 29.662132886783503 -1.5007262802857209 15.904669284820557
-3.024470367283717 25.5184424880591 -1.497817406403616 15.938058137893677
-2.721593442283866 21.37561559151841 -1.4949085325215112 15.978034019470215
-2.388141761338492 16.990044408353114 -1.4949085325215112 16.01275658607483
-2.054690080393118 12.604473225187819 -1.4890908339836162 16.046494483947754
-1.7156724677416335 8.464447116005607 -1.4861819601015114 16.08291006088257
-1.3439629646072366 4.081952772436557 -1.4803642615636163 16.11786699295044
