0 0
0.0 0.0 0.0 0.08223652839660645
0.0 0.0 0.0 0.11127758026123047
1.4660765716752369 0.0 -0.005817698537895066 0.1491398811340332
4.642522055169363 -0.018479810732358565 -0.008726572419999901 0.18003010749816895
7.818900344488196 -0.04619940955513518 -0.011635446302104736 0.2065901756286621
10.506525452100675 -0.07747253847738977 -0.014544320184209574 0.23595142364501953
13.682688722696716 -0.12367093164854825 -0.023270744930263758 0.2641429901123047
16.614047980991327 -0.1918981613338871 -0.023270744930263758 0.2995631694793701
20.522526992050807 -0.2828678009143389 -0.023270744930263758 0.3309624195098877
24.431006003110287 -0.3738374404947907 -0.029088443468158823 0.36359739303588867
28.094646913596353 -0.4804371197001298 -0.03199731735026366 0.4050605297088623
32.97906734809803 -0.6367788297471423 -0.03199731735026366 0.4369394779205322
36.64238267397428 -0.7540351122824016 -0.0349061912323685 0.4718780517578125
40.549538667544994 -0.8904744655584579 -0.0349061912323685 0.5026285648345947
44.456694661115705 -1.0269138188345142 -0.0349061912323685 0.5431714057922363
48.85224515388275 -1.1804080912700774 -0.04072388977026357 0.5803508758544922
53.24682828343487 -1.359471609584156 -0.04072388977026357 0.6127376556396484
57.15312439859232 -1.5186391814188924 -0.04072388977026357 0.646775484085083
61.3035640209471 -1.6877547264933 -0.0436327636523684 0.6831424236297607
65.69760768556881 -1.8796007572912687 -0.0436327636523684 0.7224655151367188
71.06810549788423 -2.1140792393776753 -0.04945046219026347 0.760434627532959
75.21691130656984 -2.319406997400959 -0.052359336072368305 0.7949278354644775
79.36510229089933 -2.5368022225689186 -0.05526820995447314 0.8282082080841064
83.75661635430599 -2.7797607726072298 -0.05526820995447314 0.8623735904693604
87.90415741419005 -3.0092216254211905 -0.05817708383657797 0.8979148864746094
92.29494616332394 -3.2649534901044044 -0.05817708383657797 0.9423930644989014
97.90539845388392 -3.5917219838662886 -0.05526820995447313 0.9761712551116943
102.29691251729058 -3.8346805339045997 -0.05526820995447313 1.0108845233917236
105.95650757012946 -4.037145992269859 -0.05235933607236829 1.0470354557037354
110.34870978883127 -4.267329171859464 -0.05235933607236829 1.080054521560669
114.49690077316076 -4.484724397027423 -0.055268209954473124 1.116454839706421
118.64444183304482 -4.714185249841384 -0.05817708383657796 1.1517956256866455
123.03523058217871 -4.9699171145245975 -0.05817708383657796 1.1846344470977783
127.18208662302739 -5.211441653392077 -0.06108595771868279 1.220275640487671
131.32822255604705 -5.465027834643216 -0.06399483160078763 1.2562665939331055
135.7174492245661 -5.746299728895415 -0.06399483160078763 1.2909820079803467
139.6189840410275 -5.996319190452924 -0.06399483160078763 1.3239643573760986
143.52051885748887 -6.246338652010434 -0.06399483160078763 1.3636515140533447
148.15359145203675 -6.543236762609977 -0.06690370548289247 1.397620439529419
152.05438248794306 -6.804604223115103 -0.06690370548289247 1.4355688095092773
156.19897296359352 -7.082307149901799 -0.06981257936499731 1.470879316329956
159.8552363216999 -7.3379758197904055 -0.07272145324710215 1.5062530040740967
163.99814106178403 -7.639786092953409 -0.07563032712920699 1.5378081798553467
167.89650274236897 -7.935183896880151 -0.07563032712920699 1.5696697235107422
171.3075692128808 -8.193656975316049 -0.08144802566710206 1.6029231548309326
174.9606103227555 -8.491849634781474 -0.0843568995492069 1.6412582397460938
179.09972300731278 -8.841842936053819 -0.08726577343131174 1.6731107234954834
182.26413489812376 -9.11869090572133 -0.09017464731341658 1.7050156593322754
185.91443473068236 -9.448750513999109 -0.09308352119552142 1.745089054107666
190.05033559104712 -9.834850500572895 -0.09599239507762626 1.7771251201629639
193.69865345669464 -10.186140927130344 -0.0989012689597311 1.8096272945404053
197.58908606719663 -10.572169110506207 -0.0989012689597311 1.853144645690918
202.93843090663688 -11.102957862648019 -0.0989012689597311 1.9100770950317383
209.98984001317177 -11.80263394501677 -0.09599239507762627 1.954014778137207
214.61104264299198 -12.247601818656205 -0.09890126895973111 1.9872045516967773
218.50147525349396 -12.633630002032069 -0.09890126895973111 2.0211546421051025
222.63505990215234 -13.043784946868923 -0.09599239507762627 2.056662082672119
226.7698201498862 -13.441914096967366 -0.09890126895973111 2.0900075435638428
230.66025276038818 -13.82794228034323 -0.09890126895973111 2.12654185295105
235.03698944720293 -14.262223986641075 -0.09890126895973111 2.166260004043579
239.65687817217406 -14.720632454399912 -0.09599239507762627 2.198047399520874
243.3051960378216 -15.071922880957361 -0.09308352119552143 2.2312357425689697
247.92767346999398 -15.503446395363357 -0.0901746473134166 2.270662307739258
251.82132662472316 -15.855509977526319 -0.0901746473134166 2.3036086559295654
255.9583331016229 -16.229577533574467 -0.08726577343131176 2.3379080295562744
259.85299389031337 -16.570313496242175 -0.08726577343131176 2.372973918914795
264.2344872775901 -16.953641454243346 -0.0814480748934167 2.4105634689331055
268.37460051881203 -17.291593338773346 -0.07853920101131186 2.4486277103424072
272.5156793021883 -17.617500743213906 -0.07563032712920702 2.4821224212646484
276.6576885878098 -17.93136090988607 -0.07272145324710218 2.517235040664673
280.8005933278939 -18.233171183049073 -0.06981257936499734 2.556577682495117
285.67561113870244 -18.574062742900548 -0.06981257936499734 2.590467691421509
289.3318744968088 -18.829731412789155 -0.0669037054828925 2.6261534690856934
293.7202644122034 -19.12376980585742 -0.06108600694499743 2.658149480819702
298.1102906810068 -19.392273037404617 -0.05526830840710237 2.695770740509033
301.7698857139124 -19.59473885606663 -0.05235943452499753 2.7399988174438477
307.3821440755186 -19.888862360306053 -0.04945056064289269 2.773271322250366
311.0428550653456 -20.07003427190969 -0.04654168676078785 2.806974411010742
315.1922405740688 -20.263293233916908 -0.043632812878683015 2.8405864238739014
319.0980571564491 -20.433823231339613 -0.043632812878683015 2.8751168251037598
323.2479872752282 -20.615011353601236 -0.04072393899657818 2.906017541885376
326.91013987584273 -20.764231132470577 -0.03781506511447334 2.967827320098877
333.9911108002409 -21.032126216020025 -0.04072393899657817 3.0228264331817627
340.09469846793183 -21.28082584746893 -0.03199751425052398 3.0602877140045166
343.5137927505343 -21.390265717722393 -0.03199751425052398 3.10978364944458
349.13087621480986 -21.570059790281658 -0.02327108950446979 3.149684429168701
352.7950752582912 -21.655345089976812 -0.020362215622364954 3.1822550296783447
356.4595068832178 -21.729971350984506 -0.017453341740260118 3.2165842056274414
360.612757842801 -21.802466820633825 -0.014544467858155283 3.2555713653564453
365.0105223618723 -21.86643447599836 -0.00872676932026022 3.2897753715515137
368.67557422786547 -21.898419350135846 -0.005817895438155383 3.323181629180908
372.5850455876875 -21.9211645023516 -1.9690026031686514e-07 3.3612093925476074
377.2276213979923 -21.921165416475986 0.008726227845793863 3.3979222774505615
381.1370100735248 -21.887050334230143 0.008726227845793863 3.43192982673645
385.04639874905723 -21.8529352519843 0.01454392638368893 3.4706621170043945
389.19984304978095 -21.792523604235154 0.023270351129743114 3.505951166152954
393.10832209666404 -21.70155550381578 0.02908804966763818 3.5396950244903564
396.77196304912883 -21.594957267354147 0.03781447441369236 3.573777437210083
400.92287713205735 -21.437917773773325 0.046540899159746546 3.606569766998291
405.0722627929902 -21.244662079826515 0.05526732390580073 3.6430840492248535
408.7318580252219 -21.042199864040672 0.06399374865185492 3.6776933670043945
412.8772390553904 -20.776558675371625 0.07272017339790911 3.711261749267578
417.0201441817428 -20.474753704502156 0.07562904728001395 3.7531638145446777
421.64944912638543 -20.123974737151062 0.08435547202606813 3.786909341812134
425.545085064434 -19.794574838240138 0.0901731705639632 3.821967124938965
429.19538538440395 -19.464520620541002 0.0988995953100174 3.858044147491455
433.8152748765838 -19.006119884858247 0.10762602005607158 3.89507794380188
438.18805603132944 -18.5336692537475 0.11344371859396664 3.9503209590911865
444.5002184468732 -17.81450634323538 0.13089523924543248 3.996779203414917
449.5875907221814 -17.144764132299425 0.13962166399148665 4.038719415664673
454.18498832516167 -16.498663958533864 0.15416504898066868 4.074265241622925
458.0481590715432 -15.89833451604413 0.15998274751856376 4.107832908630371
461.907771926393 -15.27554059676134 0.17161775081382438 4.142746686935425
466.48214728805533 -14.482697481734492 0.1919771119445489 4.180896282196045
470.3198623893017 -13.736757499642621 0.2094286325960147 4.216106176376343
473.9049688809374 -12.97476034989391 0.22978799372673922 4.246266603469849
477.23589628879296 -12.195590662262871 0.24723951437820504 4.281129837036133
480.5527194775726 -11.35841282398741 0.2705063716837199 4.3195960521698
484.79101068103876 -10.183120391970311 0.29958699211917894 4.350016832351685
488.0594862950507 -9.173541291980825 0.328667612554638 4.382588624954224
491.75975899953943 -7.911611988242404 0.3635600304119614 4.416247844696045
494.72863204710404 -6.78203674043498 0.41297077575478375 4.457747459411621
498.53330946524267 -5.114949798999647 0.4797755056998829 4.489720344543457
500.9176592465505 -3.8743117179949564 0.5523697663351745 4.523072242736816
502.3737138115708 -2.9768426080445836 0.6480696462059878 4.566476821899414
504.5165694279988 -1.3543517652954946 0.7437695260768011 4.600583076477051
505.9551259290208 -0.030842752416628594 0.784471384260188 4.6338348388671875
507.8574531082288 1.8679616163660697 0.8164581736023337 4.671133518218994
509.8654106820269 4.0046947391231 0.8397250309078486 4.706968545913696
511.65997224064245 6.005658391966621 0.860084392038573 4.750096321105957
514.0510460379845 8.783498255648135 0.8804437531692975 4.78699254989624
515.9182677356996 11.044251490223344 0.892078756464558 4.82121729850769
517.6056604347184 13.136382606324695 0.9066221414537401 4.854316711425781
519.2624490909384 15.25283200951917 0.9211655264429222 4.890854120254517
521.036086391467 17.58772660719022 0.9328005297381827 4.925100564956665
522.7824377483759 19.943098975688027 0.9444355330334433 4.96423864364624
524.6445025055332 22.516591204774347 0.9589789180226254 5.000372648239136
526.4689443745657 25.116891048933915 0.9735223030118074 5.032981634140015
528.1179595437261 27.541405645288997 0.985157306307068 5.068675994873047
529.8737124119094 30.188570029848602 0.99970069129625 5.100939035415649
531.4586999363338 32.65541753293411 1.0113356945915106 5.14194130897522
533.1445606408721 35.34763243852922 1.0258790795806927 5.174792289733887
534.7910905226954 38.06407989086065 1.0346055043267468 5.2072365283966064
536.2890252458762 40.584737269630985 1.0462405076220074 5.242482423782349
537.8799068963824 43.33414502169282 1.0549669323680615 5.281777381896973
539.4467357787263 46.09733062285463 1.0636933571141156 5.314494609832764
540.7520607634715 48.44689088210773 1.0724197818601697 5.347979784011841
542.2704280081105 51.23699989851235 1.0811462066062238 5.388056755065918
543.64946991468 53.824617620662416 1.0927812099014844 5.420485973358154
544.9983122181252 56.42810499272643 1.104416213196745 5.455137014389038
546.3167723232698 59.04710957599889 1.1160512164920056 5.489123821258545
547.7119966998764 61.90079076911376 1.1247776412380597 5.526205539703369
549.0822658351843 64.76653847431001 1.1393210262272417 5.5596091747283936
550.4107138572355 67.65191076670546 1.1538644112164238 5.590685129165649
551.4991604164721 70.10946866334743 1.162590835962478 5.622721910476685
552.9541054547936 73.47350837001818 1.171317260708532 5.66657018661499
554.4746750276151 77.07522349332088 1.1887687813599979 5.700128078460693
555.7499751151449 80.24946237615136 1.2004037846552584 5.7401487827301025
557.2536036479318 84.12165172609122 1.2149471696444405 5.782678127288818
558.8710141488948 88.47337476711793 1.2294905546336226 5.81515908241272
559.9342450819465 91.46664845925118 1.2382169793796767 5.846585750579834
560.8915406552635 94.23812951481835 1.2498519826749372 5.885084867477417
562.0477722980673 97.71616870389788 1.2585784074209914 5.922724723815918
563.1736094553047 101.20416510698915 1.2673048321670455 5.957605838775635
564.1959425985253 104.46867391273602 1.2731225307049405 5.991018056869507
565.2709326216121 107.97267514887416 1.2818489554509946 6.037168264389038
566.663428725373 112.6570065112234 1.2934839587462552 6.083691596984863
567.9344345521314 117.12221136013846 1.3022103834923093 6.120983600616455
568.9070603313316 120.65599506973768 1.3109368082383634 6.162061452865601
569.9743790836015 124.67041654828866 1.3254801932275455 6.197203636169434
570.9238611174413 128.46290485052947 1.337115196522806 6.234968900680542
571.8291542664183 132.26618343217888 1.3487501998180667 6.27124810218811
572.6363246223316 135.84139031138582 1.3574766245641208 6.309541463851929
573.4639952837526 139.66231231156337 1.3632943231020158 6.3432512283325195
574.1687446157587 143.0097757060702 1.3691120216399109 6.378211498260498
574.8540075984191 146.36128244828652 1.374929720177806 6.413105487823486
575.5673148558109 149.9563931516093 1.3778385940599107 6.449732780456543
576.2233049511051 153.3137522020241 1.3836562925978058 6.481800079345703
576.8597519525764 156.67487076774657 1.3894739911357008 6.517199516296387
577.5647603717401 160.5203157074286 1.3952916896735958 6.558732032775879
578.3753775298718 165.0915748312774 1.40401811441965 6.598126173019409
578.9838217809956 168.70591070469428 1.412744539165704 6.63590145111084
579.5607030358957 172.32541843784512 1.4214709639117582 6.675149440765381
580.1786806089499 176.43307626750916 1.4301973886578123 6.709260702133179
580.6580647643517 179.82016552379926 1.4360150871957074 6.742751598358154
581.1505695034654 183.45211641754003 1.4447415119417615 6.778111696243286
581.6113619465542 187.08822677573684 1.4534679366878156 6.810871839523315
582.0118040004232 190.48555351304358 1.4592856352257106 6.847209453582764
582.474047073402 194.6136378711789 1.4680120599717648 6.879745960235596
582.8501081140851 198.25948568839152 1.4767384847178189 6.913273096084595
583.1943400234197 201.9084763166598 1.485464909463873 6.946077823638916
583.5067165881441 205.5603318853269 1.4941913342099271 6.985973834991455
583.8246136784659 209.70203329493663 1.5029177589559812 7.019174098968506
584.0566374897563 213.11500088187918 1.5087354574938763 7.053264856338501
584.2991110672086 217.0170119299742 1.5203704607891368 7.085758924484253
584.5084854879301 221.16561548760004 1.529096885535191 7.122164011001587
584.6612776333835 224.82762078154508 1.5320057594172958 7.157219648361206
584.8034168358753 228.49005503484014 1.54073218416335 7.188185453414917
584.9062461258593 231.90935451509156 1.546549882701245 7.226150989532471
585.0128771081568 236.30629145570708 1.5581848859965055 7.260740518569946
585.0621807022281 240.21551808137482 1.5640025845344006 7.295524835586548
585.090400899836 244.36930584037808 1.5727290092804547 7.328125
585.0837894960893 247.79014478541285 1.5785467078183497 7.367685794830322
585.0478081248556 252.4325811603514 1.5872731325644038 7.400546550750732
584.9833943490723 256.34158800617644 1.5930908311022989 7.436161994934082
584.8962403682191 260.2501539629999 1.598908529640194 7.470966577529907
584.7932173343272 263.91389719459806 1.607634954386248 7.5051281452178955
584.6672265882172 267.3324216029387 1.613452652924143 7.540481090545654
584.5005106496292 271.238402843426 1.6192703514620381 7.574249505996704
584.3347534404745 274.6552299309649 1.6250880499999332 7.606851577758789
584.1226021697249 278.55900701137523 1.6309057485378282 7.641115188598633
583.9171009378919 281.9736742048571 1.6367234470757233 7.6847474575042725
583.5951535858004 286.84997973402153 1.6425411456136183 7.725256443023682
583.262358497395 291.48061225923465 1.6512675703596724 7.770168304443359
582.8891677267628 296.10816439866466 1.6599939951057265 7.805732250213623
582.5626745417262 299.75878495039535 1.6629028689878314 7.841071367263794
582.2480376237747 303.1651299723196 1.6687205675257264 7.875509977340698
581.8896998701035 306.8127623916963 1.6774469922717805 7.910245180130005
581.369493875727 311.671917815707 1.689081995567041 7.955166578292847
580.8792939477947 315.79677577169207 1.6978084203130952 7.991704940795898
580.3840694120124 319.67482119617813 1.7036261188509902 8.029694557189941
579.866292084867 323.54991994262474 1.7094438173888853 8.063133478164673
579.3597490279309 327.1799395491921 1.7181702421349394 8.10394549369812
578.6421484130042 332.0138877355854 1.7298052454302 8.150693893432617
577.8296649465116 337.0804232297234 1.738531670176254 8.196605682373047
577.1361744663723 341.17600866777184 1.7472580949223082 8.236209630966187
576.3211823863674 345.74648983105845 1.7618014799114903 8.268045425415039
575.5325847615273 349.8248305368474 1.7705279046575444 8.303894758224487
574.8538676598964 353.1776690200553 1.7763456031954394 8.340031385421753
574.0559118777537 357.004906956866 1.7821633017333345 8.372674942016602
573.286967000118 360.58852970315945 1.7908897264793886 8.409510374069214
572.3800879270947 364.64220944794823 1.7996161512254427 8.44309949874878
571.5487189042597 368.21186682092736 1.8083425759714968 8.47669243812561
570.6287324300828 372.0116179367966 1.8141602745093919 8.510715961456299
569.6277760560977 376.04309849160234 1.822886699255446 8.547009229660034
568.7135717374985 379.5924447238609 1.8316131240015001 8.586470603942871
567.5794010735472 383.84192487220463 1.8432481272967607 8.617661952972412
566.5931214930446 387.37192215289446 1.8519745520428148 8.652977228164673
565.5082725409699 391.12792886300565 1.8636095553380754 8.687894105911255
564.4503265838712 394.6371137490515 1.8665184292201802 8.726186990737915
563.2397574417605 398.61068537651306 1.8752448539662343 8.762233972549438
561.9945597583788 402.57354190377964 1.8839712787122884 8.798145294189453
560.7901066733509 406.29292040309707 1.895606282007549 8.841840982437134
559.3085275645867 410.69274238800756 1.910149666996731 8.874874114990234
558.0071309528546 414.3793194608748 1.915967365534626 8.910873651504517
556.7669854576304 417.82832908151505 1.9246937902806802 8.945761442184448
555.4121103455288 421.4955892421562 1.9305114888185753 8.98274540901184
553.8638998832288 425.6123196183844 1.9421464921138358 9.020177841186523
552.5338975823015 429.02768520527576 1.95087291685989 9.0536367893219
551.1741423687039 432.4313147344237 1.959599341605944 9.085120677947998
549.784737787803 435.8229490194205 1.9683257663519982 9.1167631149292
548.5549827287705 438.7517456849128 1.9770521910980523 9.157260656356812
546.8169223412525 442.79198957798116 1.9886871943933129 9.190536737442017
545.2303001761283 446.36509939442317 2.0003221976885737 9.22361946105957
543.9074795051155 449.253055918569 2.009048622434628 9.256968021392822
542.3521277512237 452.57186732240916 2.02359200742381 9.294958353042603
540.7486754302074 455.8677084694945 2.038135392412992 9.326811790466309
539.3176235154101 458.70359242871604 2.052678777402174 9.365942001342773
537.2792723963764 462.60096966753565 2.07013029805364 9.404929161071777
535.1732199580385 466.4621829163871 2.093397155359155 9.437167167663574
533.4657545992668 469.4264273137202 2.1108486760106207 9.472561597824097
531.4555451102661 472.77956636027784 2.1283001966620865 9.506511449813843
529.5164034306572 475.8897685657618 2.148659557792811 9.541022300720215
527.5143462722883 478.9598492401445 2.1748335178821203 9.575700044631958
525.432627861271 481.97648257381724 2.2010074779714297 9.609925270080566
523.2726742519004 484.93760206109914 2.227181438060739 9.641991138458252
521.3341929804055 487.454035603452 2.259168227402885 9.67676591873169
519.3162244032179 489.9071866861411 2.2911550167450305 9.717883586883545
516.5760972337371 493.0291175344257 2.340565762087853 9.750791311264038
514.025235071687 495.6609857763435 2.3899765074306756 9.800074338912964
509.740853322129 499.6652536555313 2.471245812116361 9.83689260482788
507.060257589357 501.7904805412944 2.5351540695508596 9.870819568634033
504.2494070138915 503.7401732968156 2.6106412927573204 9.916362762451172
502.14234775058736 504.977429409649 2.743659737421818 9.950354814529419
500.11506296232795 505.82961632801016 2.8162539980571095 9.982931137084961
497.3367231357995 506.7668195420389 2.8569558562404964 10.020199298858643
493.81900542472914 507.79603784629506 2.883129816329806 10.05188798904419
490.5117868521508 508.67038795450054 2.8947648196250664 10.086606979370117
486.95767875491543 509.5659011290321 2.9034912443711205 10.120836019515991
483.1584389642964 510.48799693131883 2.9093089429090155 10.158002853393555
478.8783315293951 511.50047160845287 2.9093089429090155 10.210008382797241
473.8848728553436 512.6816920651092 2.9122178167911206 10.253775119781494
469.3638920113963 513.7372688567685 2.9151266906732256 10.289814472198486
465.79228760180905 514.5602331050873 2.9180355645553306 10.324896335601807
461.74177331439176 515.4811473974222 2.9209444384374357 10.35692024230957
458.6422858076343 516.1763629096696 2.9238533123195407 10.393556833267212
455.0636357865604 516.9681281774488 2.9267621862016457 10.42784070968628
451.4826977638737 517.7494802685517 2.9296710600837508 10.460790395736694
448.1383817547656 518.4690170846699 2.935488758621646 10.492428302764893
444.31158696765766 519.2690954011998 2.935488758621646 10.531968832015991
440.48479218054973 520.0691737177298 2.935488758621646 10.562870740890503
436.41882271924754 520.9192569290428 2.938397632503751 10.599820375442505
433.3076741588792 521.560273347189 2.941306506385856 10.639937162399292
428.9973664235107 522.4353001196695 2.941306506385856 10.67428207397461
425.64490485155744 523.1158764982655 2.947124204923751 10.706249952316284
422.28854064664006 523.7769378588634 2.952941903461646 10.73803973197937
418.92838740665314 524.4184618274973 2.958759601999541 10.790509223937988
413.16182417993315 525.4846873085662 2.964577300537436 10.82572317123413
409.07285059961123 526.216154454669 2.967486174419541 10.85813283920288
405.46307057888583 526.8510689485702 2.970395048301646 10.891128540039062
402.09223305553826 527.4338529477656 2.970395048301646 10.927242279052734
398.2398473145696 528.0998918039888 2.970395048301646 10.96202802658081
394.6282356824115 528.7243032316982 2.973303922183751 11.000363826751709
390.7739288197023 529.3791331816017 2.973303922183751 11.035772562026978
386.91962195699307 530.0339631315052 2.973303922183751 11.067113161087036
383.3062092732032 530.6478662095396 2.976212796065856 11.102813720703125
379.69102611282216 531.251255743333 2.9791216699479612 11.136632442474365
376.0741030658716 531.8441266272798 2.9820305438300663 11.172678232192993
371.9729864265918 532.5041201404451 2.9849394177121713 11.207719326019287
368.1113213691035 533.1140600055072 2.9849394177121713 11.242372274398804
364.4910103777083 533.6858786290029 2.9878482915942763 11.279150485992432
360.3861234876913 534.3220018454988 2.9907571654763814 11.312718152999878
356.76254708523595 534.8727488547167 2.9936660393584864 11.347174406051636
353.1373839619698 535.4129530219584 2.9965749132405914 11.384820222854614
348.7853209584385 536.048541127125 3.0023926117784865 11.419585466384888
344.91359918622186 536.5909931284684 3.0023926117784865 11.455020904541016
340.79989480324167 537.1673483798959 3.0053014856605915 11.487987995147705
337.16869169628836 537.6653365410468 3.0082103595426966 11.521058797836304
333.5360553694099 538.1527598983417 3.0111192334248016 11.557155847549438
329.65974730636844 538.6614046227002 3.0111192334248016 11.592243194580078
325.783439243327 539.1700493470586 3.0111192334248016 11.623219966888428
322.39166968816573 539.6151134808722 3.0169369319626966 11.660349130630493
318.51246809798 540.1011985330167 3.0227546305005917 11.69314980506897
314.3878815352649 540.5936767691535 3.0256635043826967 11.726542949676514
310.5045858481179 541.045891609029 3.0314812029205918 11.76201868057251
306.3758587419163 541.5023580469131 3.034390076802697 11.800477981567383
302.73170805962445 541.894523850299 3.037298950684802 11.832368612289429
299.3294504372428 542.2506500490999 3.043116649222697 11.87410593032837
294.4662049087142 542.7311171556997 3.043116649222697 11.907750368118286
290.5756084858913 543.1154908409796 3.048934347760592 11.950098991394043
285.95294798118584 543.5450487679988 3.057660772506646 11.985191822052002
281.570200971903 543.9137671954703 3.063478471044541 12.020054340362549
278.159787032833 544.1807120637922 3.063478471044541 12.053705930709839
274.50577209811513 544.4667244227085 3.066387344926646 12.088255643844604
270.60728522011385 544.760465324303 3.072205043464541 12.123285293579102
266.95091354084894 545.014580171692 3.075113917346646 12.160720586776733
263.05001178405416 545.2742898924448 3.075113917346646 12.20069169998169
258.90530366745975 545.5502314707446 3.078022791228751 12.235087633132935
255.0036629527274 545.7985928774906 3.0838404897666463 12.278147220611572
250.36882721116302 546.0665626577752 3.0867493636487513 12.322961568832397
245.73323158932988 546.3210491707179 3.0896582375308563 12.362731218338013
241.58494860391366 546.5366817269439 3.0925671114129614 12.394951105117798
238.16821345402414 546.7043233507601 3.0925671114129614 12.430668830871582
234.50742579342824 546.8839393762775 3.0954759852950664 12.466538190841675
230.84613114115672 547.0529058872843 3.0983848591771714 12.500580310821533
227.42847852165556 547.2006670829448 3.0983848591771714 12.533685207366943
224.2549439464045 547.3378739074868 3.1012937330592765 12.570094108581543
219.86028511719576 547.5150698470362 3.1071114315971715 12.607780694961548
215.95307149391252 547.6498487669297 3.118746434892432 12.640788793563843
212.77740120565227 547.7224134503238 3.121655308774537 12.680060625076294
208.13574807142905 547.8149679530998 3.124564182656642 12.713140487670898
204.47108802502154 547.8773775425749 3.1332906074026963 12.74652647972107
200.3173475555297 547.9118628800943 3.1361994812848013 12.790582656860352
195.91918180447993 547.9355831757947 -3.1411681273568894 12.826186656951904
192.25399070556685 547.9340272059311 -3.1324417026108353 12.860424280166626
188.3446168721054 547.8982517190052 -3.1266240040729403 12.89825439453125
183.9468798825845 547.8324186184032 -3.1208063055350452 12.95028829574585
177.3509605235363 547.6952937930181 -3.112079880788991 13.016565322875977
169.779530139142 547.4717749892984 -3.103353456042937 13.05999231338501
165.8728506000986 547.3223138423822 -3.097535757505042 13.106746196746826
160.25834372623837 547.0747959308252 -3.088809332758988 13.142868041992188
156.59825686809916 546.8814247761242 -3.085900458876883 13.173182249069214
153.18271524523237 546.6910088603219 -3.0800827603389878 13.212190389633179
149.0366871889767 546.4356650075678 -3.0713563355929336 13.243862867355347
145.38053249580864 546.1784470606457 -3.0684474617108286 13.278039455413818
141.23775601633136 545.8748813058444 -3.0597210369647745 13.314040184020996
137.09778628317403 545.5351759409477 -3.0509946122187204 13.346865892410278
133.44762652306906 545.203570847042 -3.0480857383366153 13.38385558128357
129.06861085777342 544.7929050105879 -3.0422680397987203 13.420339107513428
125.42148382135399 544.4294595637705 -3.033541615052666 13.456197500228882
121.53474607953098 544.0078514738262 -3.027723916514771 13.489973783493042
117.89329058650691 543.5914020712349 -3.024815042632666 13.522953987121582
114.01037998407595 543.135892566672 -3.018997344094771 13.55776071548462
110.37269727391813 542.6876819991786 -3.010270919348717 13.593276500701904
106.49682209607116 542.1757491315411 -2.9986359160534564 13.625065326690674
102.86901900583797 541.6535681752737 -2.9899094913074022 13.65988802909851
99.24591075920311 541.0997497521779 -2.981183066561348 13.696014404296875
95.38656408899168 540.4753084544199 -2.9695480632660876 13.729502201080322
92.01622138400316 539.8896696156661 -2.957913059970827 13.764078140258789
88.17244901340969 539.1755984579513 -2.9462780566755664 13.800642728805542
84.33724484478202 538.4168543376059 -2.934643053380306 13.834627151489258
80.51112805651414 537.6135399671676 -2.9230080500850453 13.869171619415283
76.69461659682521 536.7657640927285 -2.9171903515471502 13.910435676574707
72.40666245004682 535.787053787653 -2.9055553482518897 13.943806409835815
68.6055274526302 534.8728019696989 -2.893920344956629 13.979190349578857
65.05217686077981 533.974287760579 -2.885193920210575 14.012909650802612
61.03408566909225 532.9208684225749 -2.870650535221393 14.046575784683228
57.50260344298522 531.9399191378084 -2.856107150232211 14.082201957702637
53.75130430644413 530.838902133669 -2.8444721469369503 14.115512609481812
50.01306912735716 529.6943142597796 -2.8328371436416897 14.150545835494995
46.52119553038554 528.5805606984536 -2.8182937586525076 14.18982720375061
42.35082695701852 527.1832595181751 -2.800842238001042 14.22378420829773
38.89636883840825 525.9583728624549 -2.7862988530118598 14.264617204666138
34.772833524191014 524.4283790263436 -2.768847332360394 14.296880006790161
31.586893934736896 523.1825974520397 -2.7572123290651334 14.340362310409546
27.283082333903916 521.4417023205157 -2.736852967934409 14.383704900741577
22.790999602508332 519.5173326976065 -2.70777234749895 14.426873207092285
18.356770150353466 517.4631625788188 -2.678691727063491 14.459900617599487
15.295931609455424 515.9355990858407 -2.655424869757976 14.49182915687561
12.055426221155088 514.2230708259308 -2.6292509096686665 14.527123212814331
8.860849294590693 512.4263219639981 -2.5914534525850197 14.559970140457153
6.153036943189202 510.76562943297006 -2.553655995501373 14.596323013305664
3.1032792698072322 508.732748141246 -2.492645284758392 14.634440898895264
-0.011529012758442203 506.37002661341455 -2.4171580615519312 14.66662859916687
-2.0243584848763425 504.5887842818282 -2.3387791411627816 14.700716972351074
-3.042820861870473 503.53421569673645 -2.2459623734307863 14.740604162216187
-4.722772681477286 501.43610497242724 -2.1560302661590347 14.775227546691895
-6.072526841352537 499.3992777495831 -2.115328407975648 14.820356369018555
-8.224312925908503 495.84617125347165 -2.077530950892001 14.853041172027588
-9.76594681671549 493.06885017737505 -2.0571715897612766 14.887871503829956
-11.250720635640914 490.26072017332456 -2.0484451650152224 14.935110092163086
-13.384877603193848 486.13774986148945 -2.028085803884498 14.970377445220947
-14.787358267412955 483.28762786418713 -2.019359379138444 15.007935047149658
-16.48281205854819 479.76485621428657 -2.0077243758431833 15.043725490570068
-18.137164556395916 476.222596840937 -1.9960893725479227 15.07981276512146
-19.750191808322807 472.6613292660756 -1.9844543692526622 15.112264633178711
-21.22345772798962 469.30527268989243 -1.975727944506608 15.147265911102295
-22.667381549590726 465.9364877145628 -1.967001519760554 15.181264638900757
-23.987555200403797 462.7806479958469 -1.9611838212226589 15.216108322143555
-25.196361769020132 459.8431432566703 -1.9524573964766048 15.250848770141602
-26.470498489351257 456.6684372204474 -1.9466396979387097 15.283625364303589
-27.72614426929175 453.4863724074928 -1.9408219994008147 15.323270797729492
-29.13998694536544 449.8414399605837 -1.929186996105554 15.356491804122925
-30.25419999229051 446.86676742413925 -1.9204605713595 15.39477825164795
-31.59353869589807 443.193804656531 -1.914642872821605 15.431775569915771
-32.74674316852203 439.9731987752027 -1.90882517428371 15.463687419891357
-33.88119171730736 436.74593843728684 -1.9030074757458149 15.498250246047974
-34.99684594625209 433.5121328710903 -1.8971897772079198 15.532606363296509
-36.09366809545777 430.2718915264466 -1.8913720786700248 15.566831588745117
-37.24861768147538 426.7934263956236 -1.8826456539239707 15.601256370544434
-38.373169113839374 423.30501525463666 -1.8797367800418658 15.636512756347656
-39.48756845473649 419.8133476986397 -1.876827906159761 15.670279264450073
-40.51819041997107 416.5514462342631 -1.871010207621866 15.704887390136719
-41.5298182919035 413.28360415618533 -1.871010207621866 15.743224143981934
-42.613705297545394 409.7823447868163 -1.8622837828758119 15.773789167404175
-43.45633941595615 406.97387726901405 -1.8564660843379168 15.812277793884277
-44.558047593968794 403.22278106314064 -1.8506483858000218 15.857164859771729
-45.975372913681376 398.2911383109955 -1.8419219610539677 15.89063310623169
-46.95697026503215 394.75983616413595 -1.8331955363079135 15.923161745071411
-47.84433200901097 391.4560849728612 -1.8273778377700185 15.964314222335815
-48.83647670308352 387.67453336522163 -1.8215601392321235 15.997036457061768
-49.745971797852434 384.1239775094175 -1.8128337144860693 16.0307834148407
-50.56588385164645 380.80284411514236 -1.8070160159481743 16.06982946395874
-51.538012986660036 376.7643154138384 -1.8041071420660695 16.10316753387451
-52.38540487024585 373.1984276971223 -1.7953807173200154 16.137779712677002
-53.20164743350386 369.62528114393984 -1.7866542925739612 16.17088270187378
-53.986678519558296 366.045147849421 -1.7837454186918564 16.210916996002197
-54.81293305099267 362.22391936835606 -1.7779277201539614 16.24419856071472
-55.56669235003802 358.63707184836073 -1.7692012954079073 16.276346921920776
-56.192798906398 355.5228884894209 -1.7662924215258025 16.313217401504517
-56.904774083611485 351.9275137440535 -1.7575659967797483 16.349819660186768
-57.67609094339211 347.8458695375827 -1.7488395720336942 16.383613109588623
-58.23866195387266 344.71958399861126 -1.7459306981515894 16.42508864402771
-58.962436526053466 340.62924177636836 -1.7372042734055353 16.470457315444946
-59.771911118867905 335.809827227394 -1.7313865748676402 16.512242078781128
-60.39704964003151 331.9505934323804 -1.7255688763297452 16.544962406158447
-60.96205858684729 328.3292134326273 -1.7226600024476404 16.580615758895874
-61.51653102039719 324.70620521665165 -1.7197511285655356 16.619863033294678
-62.06046224898981 321.0815994406871 -1.7110247038194815 16.652501583099365
-62.53859124794399 317.6943327758251 -1.7110247038194815 16.686261415481567
-63.05087231825205 314.0651184920444 -1.7022982790734273 16.72091054916382
-63.49942475994802 310.6738084935962 -1.6964805805355323 16.754050731658936
-63.95886977033118 307.03752763329015 -1.6877541557894782 16.790344953536987
-64.35805287956026 303.6400527409867 -1.6819364572515831 16.825144290924072
-64.79166542896726 299.7546359277973 -1.676118758713688 16.869720220565796
-65.30541687306857 294.89479383520194 -1.6644837554184275 16.902118682861328
-65.6482971235982 291.24567594913816 -1.6615748815363227 16.93446397781372
-65.98056111473826 287.59557610765637 -1.658666007654218 16.978086709976196
-66.3665350190803 283.2143150139412 -1.6528483091163229 17.01790165901184
-66.70698708697127 279.07440661931855 -1.649939435234218 17.05061364173889
-66.99675900440883 275.4206879043025 -1.6470305613521132 17.086231231689453
-67.27590150393371 271.7661417385587 -1.6441216874700084 17.119818449020386
-67.54441222357012 268.1107990451804 -1.6353952627239543 17.15078091621399
-67.7652415296997 264.697088861805 -1.6295775641860593 17.18709969520569
-67.99491666612707 260.79430357602195 -1.6237598656481642 17.220419883728027
-68.17601204695512 257.3782550896025 -1.6179421671102692 17.252089977264404
-68.3372309349698 253.96121085976384 -1.6121244685723741 17.289780139923096
-68.49875886487158 250.05501163505966 -1.606306770034479 17.322166442871094
-68.62888408525495 246.39213085081155 -1.6033978961523743 17.35505986213684
-68.74038925677903 242.9731032997015 -1.5975801976144792 17.39528179168701
-68.84508928554087 239.06496799508434 -1.5917624990765842 17.43212652206421
-68.93729657171508 234.66770493239278 -1.5859448005386891 17.467008590698242
-68.99281650437153 231.00293403236756 -1.5830359266565843 17.500925302505493
-69.03767586081476 227.3380171368932 -1.5743095019105302 17.53551435470581
-69.05226915136147 223.18415915156567 -1.565583077164476 17.56823444366455
-69.03188784862763 219.27467475362818 -1.559765378626581 17.603732585906982
-68.98876281743426 215.3653750865647 -1.553947680088686 17.63631772994995
-68.92701222362449 211.7007038766527 -1.5452212553426319 17.671850442886353
-68.82078793406846 207.54817867784817 -1.5364948305965778 17.705896854400635
-68.68671124341994 203.64094089442077 -1.5306771320586827 17.740846395492554
-68.5299058184039 199.73454924560937 -1.5248594335207877 17.77766251564026
-68.33915641291776 195.58504761400286 -1.5161330087747336 17.81468915939331
-68.09885429860239 191.19338739035274 -1.5103153102368385 17.859541654586792
-67.78869916324204 186.07150149854556 -1.5015888854907844 17.895557641983032
-67.4845518683303 181.68380061435428 -1.4957711869528894 17.943573474884033
-67.04499410176162 175.83599100783584 -1.4841361836576288 18.00110363960266
-66.45283404417408 169.01997474756308 -1.4725011803623682 18.05049991607666
-65.99722587907924 164.39980901954777 -1.463774755616314 18.09574246406555
-65.39691639502375 158.8120025557806 -1.45504833087026 18.13513994216919
-64.91718557428128 154.68591391567261 -1.4463219061242059 18.169118642807007
-64.49247655073027 151.29153546832168 -1.4405042075863108 18.2080397605896
-63.95278824198396 147.17286023764365 -1.4317777828402567 18.242379188537598
-63.44489828897507 143.54302883546717 -1.4230513580942026 18.276880979537964
-62.869382914410636 139.67608356705983 -1.4172336595563075 18.312401294708252
-62.27138068422322 135.81255189410712 -1.4114159610184125 18.345534563064575
-61.72847044387393 132.43506299413275 -1.4055982624805174 18.38300132751465
-61.00519167418212 128.09671164281872 -1.3997805639426224 18.416917324066162
-60.33985335617385 124.24420485141552 -1.3939628654047274 18.450223445892334
-59.69509742928661 120.63616965101383 -1.3852364406586732 18.483596324920654
-58.92871903997904 116.55359530499138 -1.3765100159126191 18.53114891052246
-57.985218998695565 111.7586173714263 -1.3648750126173586 18.573843955993652
-56.985994493719964 106.97494136860857 -1.353240009322098 18.61307191848755
-56.08940284712762 102.91897384585161 -1.3445135845760439 18.65093207359314
-55.21227234829334 99.10910170321577 -1.3386958860381488 18.682854175567627
-54.31299213036393 95.30439688616903 -1.3270608827428882 18.714895963668823
-53.4284739081809 91.74753651117257 -1.3183344579968341 18.75268793106079
-52.329846518648495 87.48872887462636 -1.3066994547015736 18.7852566242218
-51.37309389292384 83.9506145992301 -1.2979730299555194 18.822107553482056
-50.31966360654988 80.18567525217973 -1.2863380266602589 18.857826709747314
-49.222500529163206 76.4332471267072 -1.2747030233649983 18.890645742416382
-47.93915976774071 72.22641207928655 -1.2630680200697377 18.933961391448975
-46.754982583146244 68.50052855310061 -1.2514330167744772 18.96921420097351
-45.60425128170676 65.02066567010058 -1.242706592028423 19.013837814331055
-43.950775872791056 60.16310142772612 -1.228163207039241 19.04926323890686
-42.63729512215456 56.480812469357254 -1.2107116863877752 19.08243751525879
-41.345852289259966 53.050680748568816 -1.196168301398593 19.117095470428467
-39.825836699366036 49.18489470522941 -1.181624916409411 19.153647899627686
-38.24976222309418 45.341622873619954 -1.167081531420229 19.18709659576416
-37.001915154376164 42.42048865792449 -1.152538146431047 19.22127366065979
-35.51322655414786 39.071244793386676 -1.1379947614418648 19.256466150283813
-33.97598776156561 35.74400493020066 -1.1176354003111404 19.291250467300415
-32.37133175521272 32.44874965725602 -1.097276039180416 19.325880765914917
-30.5884964406208 28.969384500181846 -1.0740091818749011 19.3619863986969
-28.7251970814198 25.53243830432439 -1.0507423245693863 19.394047498703003
-26.66102015056711 21.927729893851513 -1.0187555352272406 19.437256574630737
-24.738898601603616 18.80698047045911 -0.9925815751379312 19.47118377685547
-22.86930478559787 15.942228864878048 -0.9635009547024721 19.50657844543457
-20.917204442798912 13.13304979437179 -0.9286085368451487 19.54255723953247
-18.72194233267776 10.198011041567959 -0.8908110797615016 19.575164556503296
-16.41733757582224 7.348024177164412 -0.8472055073781728 19.60787534713745
-14.314240916275732 4.967450327518227 -0.803599934994844 19.643006324768066
-11.939764556529244 2.504922192545701 -0.7512878280724592 19.67786955833435
-9.26120443641034 0.0031340529338672596 -0.6844830981273601 19.710414171218872
-6.800224441506252 -2.005279469649766 -0.6118888374920685 19.748111724853516
