0 0
0.0 0.0 0.0 0.08880352973937988
-0.24434609527920614 0.0 0.002908873882104836 0.1273336410522461
-0.9773812797999609 -0.0021323129171418906 0.05812146113395064 0.15731191635131836
-1.7091817742731352 -0.044713585708949316 0.13650038152310034 0.18550992012023926
-1.9512550303792482 -0.07796344219554949 0.226432488794852 0.2113184928894043
-2.4274726244581326 -0.18767606773381226 0.3192492565268473 0.25677990913391113
-2.659472231477564 -0.2643650279629402 0.49486318565846654 0.2865891456604004
-2.659472231477564 -0.2643650279629402 0.5992026463573005 0.31814050674438477
-2.0541397911391885 0.14905699029170266 0.7179061205070801 0.347322940826416
-1.5020265315462775 0.631256199214162 0.8308695575985721 0.37528324127197266
-0.18405529992597325 2.07488798967381 0.9236863253305674 0.402496337890625
1.1417541039511347 3.829406607735417 1.013618432602319 0.44297266006469727
3.725924405735145 7.97718547872836 1.135189004765546 0.4745197296142578
5.684910735424304 12.18620944094565 1.2135679251546956 0.5072133541107178
7.6500925336075465 17.45137924383467 1.2919468455438454 0.5439596176147461
9.53326620414852 24.028794246758387 1.3616469258434587 0.5770049095153809
10.852326015262589 30.243347397771213 1.4139590327658436 0.6113474369049072
12.111792930683137 38.20779989859732 1.4691716200176894 0.6481828689575195
12.92982599124478 46.22961904769202 1.5127771924010183 0.6812663078308105
13.41156507575841 54.52340732326581 1.5476696102583416 0.7212522029876709
13.63193142330321 64.05035675054862 1.5796563996004873 0.7656443119049072
13.54533558853118 73.82381693650692 1.6029232569060021 0.7982151508331299
13.317722140204204 80.90619712441709 1.6116496816520562 0.8330252170562744
12.98839596005683 88.96289029320687 1.6203761063981104 0.8669061660766602
12.612996410450503 96.52831122660513 1.6232849802802152 0.9003176689147949
12.24123064318099 103.60458900678366 1.6203761063981104 0.9484987258911133
11.708405475997816 114.34260581547797 1.6145584078602153 0.9933269023895264
11.291507922303193 123.8629799229833 1.6058319831141612 1.0326008796691895
11.026176611986687 131.43306037282736 1.597105558368107 1.0693047046661377
10.846197752362766 138.27238335132407 1.591287859830212 1.1032614707946777
10.716024184682668 144.62404805393055 1.591287859830212 1.1503114700317383
10.535783860202534 153.418660719078 1.5796528565349515 1.1859688758850098
10.483847136145613 159.282737014705 1.5796528565349515 1.217064380645752
10.429746381919655 165.3911498226498 1.5767439826528467 1.2513458728790283
10.394867711918153 171.255352385882 1.5767439826528467 1.2834312915802002
10.36144231983338 176.8752131756462 1.5796528565349515 1.3193342685699463
10.307341565607421 182.983625983591 1.5825617304170563 1.3502817153930664
10.244096755180452 188.35886802508088 1.5825617304170563 1.384993076324463
10.180851944753483 193.73411006657076 1.5825617304170563 1.4172759056091309
10.117607134326514 199.10935210806065 1.5883794289549513 1.4502859115600586
10.018795891833186 204.7284435730149 1.5912883028370561 1.4833519458770752
9.918660213747787 209.6143394537365 1.5912883028370561 1.5212202072143555
9.803504183949578 215.23311971656636 1.594197176719161 1.556614637374878
9.689156494640368 220.11870364453523 1.594197176719161 1.5862033367156982
9.58052618979662 224.76000837610565 1.5912883028370561 1.61714768409729
9.49541086342403 228.913019874719 1.594197176719161 1.6527314186096191
9.36391102071844 234.5314413918832 1.5971060506012658 1.6903440952301025
9.248208161040651 238.92814896396456 1.5971060506012658 1.7207279205322266
9.138933238011628 243.0805950042636 1.6000149244833706 1.750260353088379
9.017579852500681 247.23270560999455 1.6029237983654754 1.7871999740600586
8.860602415846344 252.11710565459157 1.6029237983654754 1.8200902938842773
8.71932272285744 256.5130656947289 1.6029237983654754 1.849890947341919
8.585891901701252 260.66480573263635 1.6000149244833706 1.8812637329101562
8.450261647306665 265.30539993904154 1.5912884997373165 1.9232580661773682
8.350125007187096 270.1912958000463 1.5912884997373165 1.9612817764282227
8.23997470305557 275.56578124715156 1.5912884997373165 1.9963743686676025
8.154858558953936 279.7187927290056 1.5883796258552116 2.0294623374938965
8.068934777307069 284.6049592033519 1.5883796258552116 2.0613672733306885
7.991603373824888 289.0025090302635 1.5883796258552116 2.096299886703491
7.909975781260363 293.64436718089246 1.5912884997373165 2.129004716873169
7.819852805152752 298.04167345579674 1.5912884997373165 2.162083387374878
7.714709333027205 303.17186410985175 1.5941973736194213 2.2003116607666016
7.611795546873447 307.56888962476006 1.5941973736194213 2.2343199253082275
7.508881760719689 311.96591513966837 1.5941973736194213 2.2670509815216064
7.377380811745442 317.5843366309401 1.597106247501526 2.3134195804595947
7.229537162635163 323.20235183282256 1.5941973736194213 2.3514182567596436
7.120905943917307 327.84365654300353 1.597106247501526 2.3863487243652344
6.992346249038803 332.72888715333613 1.597106247501526 2.420645236968994
6.87664252364815 337.12559470263545 1.597106247501526 2.456310749053955
6.748082828769647 342.01082531296805 1.597106247501526 2.488100051879883
6.632379103378994 346.4075328622674 1.597106247501526 2.518885612487793
6.51667537798834 350.8042404115667 1.597106247501526 2.552962303161621
6.400971652597687 355.200947960866 1.6029239460394211 2.588266611099243
6.251842402542373 359.8411279812107 1.605832819921526 2.6210014820098877
6.106334661727429 363.9924622996873 1.6087416938036307 2.6561942100524902
5.930212690736127 368.63169620258145 1.605832819921526 2.6899421215057373
5.767586392178249 373.27142279381997 1.6087416938036307 2.727372646331787
5.563655688925162 378.64316731296054 1.6087416938036307 2.759310483932495
5.40607287277505 382.7940608050237 1.6116505676857356 2.7993273735046387
5.196497124544036 387.92104718129167 1.6145594415678404 2.8301899433135986
5.014768260066574 392.0709536556853 1.6116505676857356 2.8650221824645996
4.8451117019748 396.2213711983784 1.6087416938036307 2.89669132232666
4.687528885824689 400.37226469044157 1.605832819921526 2.9269256591796875
4.550580423881212 404.27940287253716 1.605832819921526 2.958611011505127
4.405072683066268 408.43073719101375 1.6087416938036307 3.005046844482422
4.154794092710207 415.0233327372317 1.6116505676857356 3.046189069747925
3.9152789518747624 420.88274573868085 1.6116505676857356 3.090238571166992
3.6558042159696966 427.2304431569174 1.6116505676857356 3.133962869644165
3.4262688726690618 432.8457139499728 1.6145594415678404 3.1652770042419434
3.2445400081915987 436.9956204243664 1.6174683154499452 3.2060933113098145
2.9709405260877952 442.85354083588044 1.6174683154499452 3.2440457344055176
2.7201410008259757 448.22330121310165 1.6174683154499452 3.275324821472168
2.526341367669115 452.3726615045908 1.62037718933205 3.3096425533294678
2.296252751324378 457.00953215008616 1.6174683154499452 3.3430466651916504
2.091053139746525 461.4029724587217 1.6174683154499452 3.3759076595306396
1.8744535497476806 466.04049278450367 1.6145594415678404 3.408501625061035
1.682034752065661 470.43451140444984 1.6145594415678404 3.450866460800171
1.4040964887471885 476.78142718881656 1.6145594415678404 3.5079784393310547
1.0833984926104891 484.10479155539355 1.6087417430299453 3.5645275115966797
0.8238499882850527 490.9415572942504 1.6087417430299453 3.6064257621765137
0.5828406628400046 497.2899826231889 1.6087417430299453 3.6473278999328613
