0 0
0.0 0.0 0.0 0.08402180671691895
0.24434609527920614 0.0 -0.002908873882104836 0.1302330493927002
5.375592386924492 -0.01492619041999324 -0.011635298628159022 0.1758131980895996
11.728160834015183 -0.0888435570364751 -0.011635298628159022 0.20758867263793945
18.32505883676321 -0.1656038992920524 -0.014544172510263851 0.23876166343688965
25.65466640003622 -0.2722144934488113 -0.014544172510263851 0.27396202087402344
34.20587522385473 -0.3965935199650301 -0.017453046392368686 0.30872511863708496
42.512377185843505 -0.541582005955834 -0.02327074493026375 0.3421041965484619
50.329335207962465 -0.7235212851167374 -0.02327074493026375 0.37604308128356934
58.39057316827264 -0.9111461667514191 -0.020361871048158918 0.4109170436859131
66.94091368643409 -1.0852711628759222 -0.017452997166054085 0.4460256099700928
75.00310677411522 -1.2259948847596491 -0.020361871048158918 0.4787724018096924
82.33197007539647 -1.3752448814377947 -0.020361871048158918 0.5387794971466064
96.01251490445478 -1.6538448752369996 -0.014544172510263844 0.5729999542236328
103.83076297194599 -1.7675628423375425 -0.014544172510263844 0.6041550636291504
110.67173003100079 -1.8670660635505174 -0.014544172510263844 0.6394116878509521
117.2683768379465 -1.9630155982916004 -0.017453046392368672 0.6753239631652832
124.59764327499542 -2.0909466153423097 -0.011635347854473604 0.7118511199951172
132.41618905155173 -2.1819222206715585 -0.011635347854473604 0.7459814548492432
138.76875749500374 -2.255839900001573 -0.011635347854473604 0.7814919948577881
145.60998504949052 -2.335443554664666 -0.011635347854473604 0.8171236515045166
152.4512126039773 -2.4150472093277586 -0.011635347854473604 0.8494150638580322
158.55945149191191 -2.4861219009912343 -0.008726473972368764 0.8859086036682129
165.1565448677034 -2.543692726001094 -0.005817600090263934 0.922135591506958
171.75377779873892 -2.5820732218863465 -0.0029087262081591053 0.9565680027008057
177.61805927742398 -2.599130859221897 -0.008726424746054178 1.0076196193695068
187.63586774126264 -2.686552729985967 -0.005817550863949333 1.0578830242156982
195.21046851610228 -2.7306188523919466 -0.0029086769818444883 1.0955898761749268
201.07474999562703 -2.747676201050532 -0.0029086769818444883 1.1301510334014893
206.6946864135049 -2.764022826848343 -0.005817550863949328 1.1651496887207031
211.82586758355757 -2.793874071058845 -0.008726424746054163 1.1993119716644287
216.95694021137737 -2.838651126816052 -0.005817550863949328 1.239375352859497
223.30983118382352 -2.875609810124293 -0.005817550863949328 1.2700440883636475
227.9523284329188 -2.9026180786956997 -0.0029086769818444935 1.3016316890716553
232.35053954256236 -2.9154110901896386 -0.0029086769818444935 1.3410084247589111
237.97047596044024 -2.9317577159874495 1.9690026034635544e-07 1.3754122257232666
242.61305177074507 -2.931756801863064 -0.0029086769818444883 1.4091105461120605
247.01126288038864 -2.944549813357003 -0.0029086769818444883 1.4461557865142822
252.63119929826652 -2.960896439154814 1.969002603515596e-07 1.5028748512268066
259.47288996608415 -2.96089509202414 1.969002603515596e-07 1.5347115993499756
263.8711196811098 -2.9608942260115643 1.969002603515596e-07 1.5657603740692139
268.26934939613545 -2.9608933599989884 0.005817895438155415 1.6070353984832764
273.8892144758796 -2.928197203688841 0.008726769320260255 1.6393582820892334
278.53161350613766 -2.8876830297813583 0.01163564320236509 1.6721587181091309
282.92954549033635 -2.836507952863715 0.01163564320236509 1.705122470855713
287.0831479198573 -2.78817593577483 0.014544517084469924 1.7440028190612793
292.7025136902026 -2.706439210632811 0.017453390966574764 1.7777185440063477
297.3443824057482 -2.6254146336991293 0.020362264848679597 1.8097245693206787
301.98599579266863 -2.5308878079331945 0.017453390966574764 1.8436129093170166
306.8721733879798 -2.445598779581951 0.017453390966574764 1.8771939277648926
311.26973322375983 -2.3688386540658315 0.017453390966574764 1.9094798564910889
315.91160193930546 -2.28781407713215 0.020362264848679597 1.9440274238586426
320.79751076764273 -2.1883121552732714 0.014544566310784534 1.9872369766235352
326.4168765339644 -2.106575153510585 0.011635692428679694 2.029167413711548
332.03645628833266 -2.041184500817951 0.008726818546574854 2.06301212310791
336.19018173467384 -2.004934772322871 0.005817944664470019 2.097745656967163
341.07702093305176 -1.9765030914920936 0.005817944664470019 2.135645866394043
345.96386013142967 -1.9480714106613162 0.005817944664470019 2.1701173782348633
350.6063573698887 -1.9210613138720776 0.0029090707823651845 2.2035746574401855
355.004568474494 -1.9082665703603143 0.0029090707823651845 2.237013339996338
359.6471246404663 -1.8947610077645642 1.9690026034982488e-07 2.2701714038848877
364.5340465460503 -1.8947600455283686 1.9690026034982488e-07 2.3016164302825928
368.44358407051755 -1.8947592757394123 1.9690026034982488e-07 2.3387770652770996
373.0861598808224 -1.8947583616150265 -0.002908676981844485 2.371431589126587
377.48437099046595 -1.9075513731089655 -0.002908676981844485 2.407641649246216
382.859962346697 -1.923187276046002 0.0029090215560505835 2.4394726753234863
387.5025185133341 -1.9096819419861824 -0.005817403190003597 2.483130693435669
393.1223836091722 -1.9423753319281272 -0.008726277072108437 2.5295979976654053
398.2534562436043 -1.9871516299595924 -0.005817403190003602 2.5630571842193604
402.65161153599934 -2.0127377612185056 -0.005817403190003602 2.597050905227661
406.80542486770577 -2.0369024407408127 -0.0029085293078987672 2.629213333129883
411.20363597923847 -2.049694802733563 -0.0029085293078987672 2.6629931926727295
415.846192152523 -2.063197851503688 3.4457420606745504e-07 2.698204517364502
420.48876796282764 -2.063196251791814 0.002909218456310902 2.731189012527466
424.88697906554347 -2.0504008587788634 0.002909218456310902 2.7629096508026123
429.2851901682593 -2.0376054657659126 0.008726916994205965 2.80672025680542
435.149273146291 -1.9864288011736624 0.014544615532101039 2.8380959033966064
439.5470376559159 -1.9224604963738883 0.014544615532101039 2.8708274364471436
443.7004819150061 -1.8620459862852126 0.017453489414205874 2.905297040939331
448.342350622575 -1.7810209523705525 0.014544615532101039 2.9461276531219482
453.47307588380403 -1.7063912634374825 0.017453489414205874 2.9898200035095215
459.3364889881016 -1.6040438521768594 0.017453489414205874 3.026099920272827
464.22266657501626 -1.5187543427930068 0.017453489414205874 3.069967269897461
469.5974619206224 -1.424935882470769 0.017453489414205874 3.1127326488494873
475.46087502491997 -1.3225884712101459 0.023271187952100945 3.155550241470337
480.59075367403926 -1.2031885466125276 0.02618006183420578 3.189074993133545
485.2317385746103 -1.0816595085176868 0.02908893571631061 3.2220962047576904
489.62810760422485 -0.953737729366735 0.034906634254205676 3.2561657428741455
494.2678552748105 -0.7917139418418653 0.03781550813631051 3.2895190715789795
498.6629406024951 -0.6254322876923821 0.043633206674205574 3.3228087425231934
