0 0
0.0 0.0 0.0 0.08926725387573242
-0.24434609527920614 0.0 0.002908873882104836 0.12029862403869629
-1.2217263413068795 -0.0028430838895225218 0.037801291739428235 0.14857220649719238
-1.7100694181031524 -0.021311880762337223 0.10170954917392672 0.1851806640625
-1.9531527428406643 -0.04612138524655822 0.2204130233237064 0.2172410488128662
-2.1915874297667575 -0.09954342516128944 0.3333764604151983 0.25024867057800293
-2.653373613502965 -0.25946083391695896 0.4606751622010903 0.28327012062072754
-2.653373613502965 -0.25946083391695896 0.5879738639869823 0.31657886505126953
-2.653373613502965 -0.25946083391695896 0.72670330978841 0.35054492950439453
-2.4707569626489914 -0.09711498977836375 0.8625783697963978 0.38242483139038086
-2.629699529151856 -0.28270129000463917 0.9927380136294026 0.4154665470123291
-2.763209931702619 -0.48734729335903787 1.1286130736373905 0.4552340507507324
-2.9723280396981515 -0.9290368608395807 1.2900921268620071 0.4865574836730957
-2.9723280396981515 -0.9290368608395807 1.4231105715265044 0.5190341472625732
-3.0082834396015112 -1.1707230695813795 1.5703893600205996 0.5531744956970215
-3.0080845581225852 -0.6820309194920432 1.7091188058220272 0.5842535495758057
-3.0080845581225852 -0.6820309194920432 1.8535501593860306 0.619030237197876
-3.076257407796986 -0.44738762245275665 1.99513171758287 0.65242600440979
-3.076257407796986 -0.44738762245275665 2.1338611633842977 0.6843221187591553
-3.2066845636742047 -0.2407629112297896 2.2640208072173027 0.7170915603637695
-3.675111228947838 0.3230824467934717 2.3998958672252906 0.7504234313964844
-4.936245840179376 1.4785413132121004 2.5128593043167826 0.7832884788513184
-6.912451331035353 2.915591516138279 2.6171987650156163 0.8167169094085693
-9.45060394189569 4.3836866697447885 2.7100155327476116 0.859025239944458
-14.555254044466448 6.734537554741417 2.8172314474445965 0.899505615234375
-21.50339046413426 9.07075525522679 2.910048215176592 0.9338719844818115
-27.924672603675248 10.584720609261023 2.976852945121691 0.9667561054229736
-34.67373413754835 11.706727563829153 3.029165052044076 0.9994974136352539
-42.20064133850252 12.55654325535849 3.0785757973868986 1.031334400177002
-49.516474082604425 13.018175263241181 3.1192776555702855 1.0664634704589844
-57.577887683010985 13.198095557078206 -3.1377336915199914 1.096864938735962
-65.152560236864 13.168865037905288 -3.117374330389267 1.1353356838226318
-74.67926343464084 12.938099142238555 -3.0970149692585425 1.1684279441833496
-82.24646749768164 12.600547087520845 -3.0882885445124884 1.199378490447998
-89.07844072291329 12.236029538117933 -3.0882885445124884 1.2505426406860352
-101.27839291082694 11.58510534275559 -3.0941062430503834 1.2903008460998535
-111.52936028678302 11.097957476271555 -3.0999239415882784 1.3352763652801514
-119.09751426075407 10.782419605942893 -3.1028328154703835 1.3666784763336182
-125.68990377567066 10.52677162057652 -3.1115592402164376 1.3999614715576172
-132.28427314992993 10.32866062987851 -3.1202856649624917 1.4370791912078857
-139.8572827515022 10.167278177797973 -3.1231945388445967 1.4683380126953125
-145.47629181783117 10.063887338368104 -3.126103412726702 1.4994299411773682
-151.339894646435 9.973057317838133 -3.126103412726702 1.5298676490783691
-157.20349747503883 9.882227297308162 -3.126103412726702 1.5672028064727783
-163.31141708816781 9.787612692589441 -3.1231945388445967 1.5983359813690186
-168.68612141248246 9.688717107047829 -3.1231945388445967 1.63637375831604
-175.28234944686864 9.567345252064941 -3.1202856649624917 1.6684846878051758
-181.14532462227942 9.4424039988413 -3.1202856649624917 1.699141263961792
-186.51971853307265 9.32787451671963 -3.1202856649624917 1.7329442501068115
-191.89411244386588 9.21334503459796 -3.1202856649624917 1.7653298377990723
-197.51279698696789 9.093609666925305 -3.1231945388445967 1.7993202209472656
-202.64319656926824 8.999209335271948 -3.1202856649624917 1.8302903175354004
-207.77329984775267 8.889885738701262 -3.1231945388445967 1.8670704364776611
-214.12522314012455 8.773009137606628 -3.129012237382492 1.910961627960205
-219.25608509147546 8.708457353250832 -3.1261033635003868 1.9427297115325928
-224.1424207782526 8.632765428939557 -3.1202856649624917 1.9772000312805176
-229.02823342442827 8.528647717919856 -3.1202856649624917 2.007115602493286
-233.18117417367756 8.44014766355311 -3.1173767910803867 2.0482888221740723
-238.7994866508213 8.304068780783426 -3.1144679171982816 2.0794894695281982
-242.95184225157095 8.191409598639787 -3.1115590433161766 2.1131420135498047
-247.59232437637723 8.051997247029043 -3.1144679171982816 2.1453206539154053
-251.9889361889357 7.932711054171072 -3.1144679171982816 2.1803386211395264
-256.87406042511174 7.800170839884439 -3.1144679171982816 2.2108216285705566
-260.7821598140526 7.694138668455132 -3.1144679171982816 2.243401050567627
-265.178771626611 7.574852475597162 -3.1144679171982816 2.2752318382263184
-269.3311272273607 7.462193293453523 -3.1115590433161766 2.3092916011810303
-273.971609352167 7.322780941842778 -3.1086501694340716 2.3413517475128174
-278.36745278759093 7.177918533416214 -3.1086501694340716 2.3784821033477783
-283.984363843966 6.992816567093383 -3.1115590433161766 2.416761875152588
-288.8690818700779 6.8460667232926 -3.1173767418540717 2.4550795555114746
-293.75457097481274 6.727737019519987 -3.1231944403919667 2.488713264465332
-298.39636106467566 6.642326738646696 -3.1261033142740717 2.5205047130584717
-302.5497463952691 6.577988398526257 -3.1231944403919667 2.554372787475586
-306.9472317435603 6.497073395593666 -3.1231944403919667 2.585843324661255
-311.34471709185146 6.416158392661075 -3.1231944403919667 2.614854335784912
-315.00928821542743 6.348729223550582 -3.1261033142740717 2.6535184383392334
-320.38425746678365 6.265467842218248 -3.1202856157361767 2.6834514141082764
-324.78148884372894 6.1717616858410205 -3.1202856157361767 2.71586275100708
-328.9344295886217 6.083261427040306 -3.1173767418540717 2.7463338375091553
-332.84282087240956 5.988597664022215 -3.1173767418540717 2.7831501960754395
-337.97258443238115 5.864351475060972 -3.1144678679719666 2.813534736633301
-342.124940027585 5.7516920885121685 -3.1173767418540717 2.854363441467285
-347.49897804279334 5.6215294143622945 -3.1173767418540717 2.900555372238159
-353.85011387894866 5.467700799457898 -3.1115590433161766 2.930131435394287
-357.75788829983816 5.350300924417271 -3.1115590433161766 2.9665775299072266
-362.64260632595006 5.203551080616487 -3.1115590433161766 2.9984865188598633
-367.0388525494508 5.071476221195781 -3.1115590433161766 3.02933669090271
-371.4350987729515 4.939401361775076 -3.1115590433161766 3.0625104904174805
-375.83134499645223 4.80732650235437 -3.1115590433161766 3.096245765686035
-380.71606302256413 4.660576658553587 -3.1115590433161766 3.1282896995544434
-384.86807334475924 4.535839291322921 -3.1144679171982816 3.1632566452026367
-389.5089413691265 4.409926087750619 -3.1115590433161766 3.196645498275757
-394.1494234939328 4.270513736139874 -3.1144679171982816 3.2424488067626953
-400.74434121277045 4.091584446852918 -3.1115590433161766 3.275228977203369
-405.62905923888235 3.9448346030521346 -3.1115590433161766 3.318463087081909
-411.7349567715222 3.761397298301155 -3.1086501694340716 3.361220598220825
-418.5729354488484 3.5360557740820564 -3.1086501694340716 3.410487174987793
-424.18984650522344 3.3509538077592254 -3.1115590433161766 3.4432287216186523
-428.58609272872417 3.21887894833852 -3.1115590433161766 3.4783079624176025
-432.9823389522249 3.0868040889178143 -3.1057413447782816 3.511279821395874
-437.37774241172184 2.929155573614159 -3.1057413447782816 3.5451626777648926
-442.01733495230195 2.7627488074603006 -3.1086502186603866 3.576667547225952
-446.41317839485697 2.617886615424911 -3.1086502186603866 3.6102967262268066
-450.809021837412 2.4730244233895213 -3.1086502186603866 3.6464269161224365
-455.69329232913975 2.3120664322390887 -3.1086502186603866 3.6787006855010986
-460.08913577169477 2.167204240203699 -3.1086502186603866 3.711332321166992
-464.4849792142498 2.0223420481683094 -3.1086502186603866 3.7448270320892334
-468.8808226568048 1.87747985613292 -3.1028325201224916 3.776782512664795
-475.9615372398761 1.602892891687492 -3.0999236462403865 3.8281755447387695
-480.35594917065004 1.4196760561969937 -3.0999236462403865 3.8650686740875244
-485.23862909373213 1.2161017945408843 -3.0999236462403865 3.8954288959503174
-489.63304102450604 1.032884959050386 -3.0941059477024915 3.938673257827759
-495.4907365856932 0.7545130195728901 -3.0882882491645964 3.970944404602051
-500.3707173839588 0.49414190013590015 -3.0824705506267014 4.00916051864624
