0 0
0.0 0.0 0.0 0.09659266471862793
0.24434609527920614 0.0 -0.002908873882104836 0.1278526782989502
0.9773812797999614 -0.002132312917141892 -0.040706330965751804 0.15585994720458984
1.709812325302626 -0.031963372027207976 -0.10751106091085097 0.1852576732635498
1.9527476274343885 -0.05818270184977502 -0.1974431681826026 0.22087621688842773
2.4319451825111873 -0.15404593943957645 -0.33046161284709996 0.2546958923339844
2.894195538713351 -0.31261663441109805 -0.45776031463299194 0.28732824325561523
3.3325742065375366 -0.5285893195114891 -0.5907787592974894 0.32204151153564453
4.347230109711756 -1.209102916075572 -0.7266538193054771 0.35526394844055176
5.808227591348207 -2.5077973653038805 -0.8596722639699744 0.39329004287719727
7.722002327369118 -4.7292807246446955 -0.9869709657558664 0.42777419090270996
9.607639634947338 -7.583497735104017 -1.1028053797929736 0.46080946922302246
11.481432296453834 -11.290740671314527 -1.1927374870647252 0.49498915672302246
13.73624025585347 -16.96801774664737 -1.2884373669355385 0.5277314186096191
15.506325199030817 -23.069442903608373 -1.3639245901419994 0.5637481212615967
17.011981048297642 -30.243529139077246 -1.4394118133484604 0.5990657806396484
17.97231140640809 -37.51073482308447 -1.4975239513019125 0.6329338550567627
18.580496697666906 -45.79621049784749 -1.5556360892553647 0.6639604568481445
18.695326989155998 -53.37006900758358 -1.5934335463390117 0.6972670555114746
18.518339987524364 -61.187140724161665 -1.628325964196335 0.7309842109680176
18.06875952395276 -68.99328010465227 -1.6515928215018498 0.7634940147399902
17.319367788983005 -78.24814113252688 -1.6690443421533157 0.8029515743255615
16.57636238121024 -85.78634129472513 -1.6777707668993698 0.8351490497589111
15.793693523729875 -93.07482140445349 -1.6777707668993698 0.8672959804534912
15.063202590081533 -99.87740284019995 -1.6719530683614747 0.906414270401001
14.125547939296302 -109.11508893432408 -1.6603180650662142 0.9519753456115723
13.295434837661645 -118.36305913627693 -1.6486830617709536 0.9973456859588623
12.59198774270857 -127.37645620572033 -1.6399566370248995 1.0304393768310547
12.136076996430873 -133.95802902688038 -1.6312302122788453 1.0720269680023193
11.619554104710199 -142.4945298669856 -1.6225037875327912 1.1058261394500732
11.278574160817989 -149.0830568713066 -1.6195949136506864 1.1399438381195068
10.968679839007597 -155.42849264526015 -1.6137772151127914 1.1760473251342773
10.674708427698882 -162.26386476413109 -1.6137772151127914 1.2110004425048828
10.422732932291412 -168.12275515173474 -1.6137772151127914 1.2415904998779297
10.181256415859252 -173.73752510652156 -1.6166860889948962 1.2720584869384766
9.945866384629 -178.86339116309009 -1.6137772151127914 1.3037772178649902
9.714888847172151 -184.2340406850601 -1.6137772151127914 1.343759298324585
9.441915393814059 -190.5811719382974 -1.6137772151127914 1.374727725982666
9.221436835332522 -195.70770102745058 -1.6166860889948962 1.406548261642456
8.98604680410227 -200.8335670840191 -1.6137772151127914 1.4436798095703125
8.723572329719488 -206.9365779044396 -1.6108683412306866 1.4737913608551025
8.537584749588847 -211.575426767516 -1.6079594673485818 1.505251407623291
8.374170341810004 -215.9706196367159 -1.6079594673485818 1.535564661026001
8.19259877761129 -220.8541672691602 -1.6137771658864768 1.5855557918548584
7.930124603657239 -226.9571781025013 -1.610868292004372 1.6191356182098389
7.744137251880032 -231.5960269747332 -1.6137771658864768 1.651956558227539
7.5341579127167915 -236.4784356414061 -1.6137771658864768 1.6832056045532227
7.355675474428037 -240.62848300807804 -1.610868292004372 1.7174429893493652
7.179476930639104 -245.02318193966616 -1.610868292004372 1.7507538795471191
6.9934895788618965 -249.66203081189806 -1.6137771658864768 1.7839758396148682
6.794009206656818 -254.3003190452373 -1.610868292004372 1.8164148330688477
6.6178106628678846 -258.6950179768254 -1.610868292004372 1.851874828338623
6.431823311090677 -263.3338668490573 -1.6079594181222672 1.8829319477081299
6.259330553480999 -267.9732371083706 -1.6050505442401624 1.9154784679412842
6.1087020971664705 -272.3688867411648 -1.6050505442401624 1.9456744194030762
5.974810135998 -276.27613085920405 -1.6050505442401624 1.983020305633545
5.815813432110442 -280.91598324937564 -1.6079594181222672 2.015697956085205
5.643320674500764 -285.55535350868894 -1.6050505442401624 2.0506131649017334
5.484323970613206 -290.19520589886054 -1.6079594181222672 2.084890604019165
5.3118312130035275 -294.83457615817383 -1.6050505442401624 2.1172568798065186
5.161202756688999 -299.230225790968 -1.6050505442401624 2.1490747928619385
5.0189425479475 -303.3816726663847 -1.6079594181222672 2.183176279067993
4.864606922717788 -307.53268816155975 -1.610868292004372 2.2208077907562256
4.6688307629523065 -312.41568697443546 -1.610868292004372 2.250040054321289
4.512209835139921 -316.322086024736 -1.610868292004372 2.2818527221679688
4.355588907327536 -320.22848507503653 -1.610868292004372 2.3123128414154053
4.1891791715268765 -324.3790340659809 -1.6079594181222672 2.3531529903411865
3.9894507153472487 -329.7509364715015 -1.6021417195843721 2.3963918685913086
3.813319701433743 -335.36813598897487 -1.5992328457022673 2.427720546722412
3.6952136303060295 -339.52034023279055 -1.5963239718201625 2.4630157947540283
3.5704755714784553 -344.40566991746465 -1.5963239718201625 2.493140935897827
3.464448221475017 -348.55820014943765 -1.5992328457022673 2.5259389877319336
3.325499902501236 -353.4431463186326 -1.5992328457022673 2.555250883102417
3.2212886632709004 -357.1068559455288 -1.6021417195843721 2.589477777481079
3.0757891300380042 -361.74715119909376 -1.5992328457022673 2.6215507984161377
2.9437882270129125 -366.38785005982896 -1.6021417195843721 2.670987606048584
2.752341472759102 -372.4935017092565 -1.6108681443304262 2.706571340560913
2.5565660340853245 -377.3765005510432 -1.6108681443304262 2.7374885082244873
2.3901569112126135 -381.52704956656186 -1.6079592704483214 2.7700116634368896
2.199507778454358 -386.6547746181673 -1.6050503965662166 2.8051223754882812
2.057248182773401 -390.8062215145921 -1.6021415226841118 2.840916633605957
1.9194073852978273 -395.2022907293209 -1.6021415226841118 2.87156343460083
1.7815665878222537 -399.5983599440497 -1.6021415226841118 2.9031529426574707
1.6590414345106328 -403.50597702380867 -1.6021415226841118 2.934006929397583
1.5288584591170356 -407.65782017105255 -1.599232648802007 2.9695117473602295
1.3621216305651087 -413.5197556069171 -1.6108676520972676 3.025017023086548
1.1271939884453368 -419.379354332701 -1.6108676520972676 3.067352533340454
0.8922663463255649 -425.23895305848487 -1.6108676520972676 3.107774019241333
0.6671273559607834 -430.8544018373611 -1.6079587782151628 3.1465811729431152
0.4764807472388498 -435.98212698280975 -1.605049904333058 3.190934419631958
0.3007508298139356 -441.11038500018816 -1.6021410304509531 3.223289728164673
0.16291219622941414 -445.50645428276624 -1.596323331913058 3.2571005821228027
0.050650756826075616 -449.9032510708107 -1.596323331913058 3.291996955871582
-0.061610682577262904 -454.3000478588552 -1.590505633375163 3.321504831314087
-0.1338443873066556 -457.9645274268832 -1.5875967594930582 3.3596224784851074
-0.22825770869130996 -463.583694507324 -1.5846878856109534 3.407514810562134
-0.32329640024739487 -470.4247250467393 -1.5846878856109534 3.4663608074188232
-0.43530628672420923 -478.4873681824787 -1.5817790117288486 3.511599063873291
-0.49434377580784483 -483.86265808029157 -1.5817790117288486 3.5546107292175293
-0.5614318315847036 -489.9709420550789 -1.5788701378467438 3.596853017807007
-0.5989147042388074 -494.6133665497461 -1.575961263964639 3.6314425468444824
-0.6216311833750479 -499.0115376000477 -1.570143565426744 3.663156747817993
