0 0
2.6072190062247018 -1.583666580885021e-18
9.5824060162481164 -4.4248985277381961e-17
19.622512836740658 -6.7640657887956819e-17
31.811619879717146 -6.7640626194737174e-17
45.507460913433988 -6.7640597514066676e-17
60.259676800595507 -6.7640552392482129e-17
75.752557354773785 -6.7640714853242753e-17
91.764761890106811 -6.764044579148104e-17
108.1412072012339 -6.7639853691336546e-17
124.77312059128938 -6.7639636289297986e-17
141.5840393280705 -6.7639958294868706e-17
158.52032555727078 -6.7639996061566177e-17
175.54460102393065 -6.7643009791448967e-17
192.63060962796948 -6.7643011609204917e-17
209.75993833109666 -6.7642452899472176e-17
226.91957677065892 -6.7642330703421883e-17
244.10051251415209 -6.7642289175361487e-17
261.29633542679761 -6.7642332260462226e-17
278.50262379817639 -6.7642331846871919e-17
295.71629184118984 -6.7642331846871919e-17
312.93506306408705 -6.7642046896369159e-17
330.1574142672705 -6.7642046896371156e-17
347.38227565492667 -6.764180088333942e-17
364.60889674974322 -6.7642018464934629e-17
381.83675304007335 -6.7642018464935653e-17
399.0654722797114 -6.7641991995156051e-17
416.29479990308619 -6.7641991995156051e-17
433.52455506333371 -6.7641992201951204e-17
450.75460795513368 -6.764199499550804e-17
467.98486399270769 -6.7641809382866824e-17
485.21527432556962 -6.7641811920543979e-17
502.44577582560078 -3.4820123344257981e-11
517.03951976598614 0.12268734174303496
527.24556072522421 0.72606310138430952
534.58746411798472 1.8266203991794512
540.29674972588066 3.3741427904268
545.29671572638642 5.4666641895750336
550.18138326713211 8.3636902646142541
555.2218912692116 12.401940170759163
560.41887379611126 17.8900308284367
565.58949427369839 25.029773376690624
570.46424071328124 33.882146791617984
574.76961363279759 44.375318670973002
578.28396224327219 56.338304241706055
580.86402148361185 69.543727631702126
582.44825839585815 83.747497950013781
583.045302900455 98.717363687057585
582.71603063668658 114.25044782394777
581.55431354631833 130.18155929316748
579.67095323744729 146.38282762015578
577.18148907491002 162.76003025599252
574.19752911000739 179.24710427056618
570.82177383192663 195.79996771653433
567.14543188550658 212.39092602843488
563.24709330740131 229.00395730899592
559.19333200579183 245.63087620513798
555.03928573611995 262.26853278797967
550.82988577848505 278.91673536235146
546.60120173372866 295.5768305496635
542.38170166696796 312.25078707605297
538.19356194137185 328.9406040627469
534.05351906481974 345.64800777051374
529.97391209500108 362.37429619179795
525.96371035016978 379.12033304175145
522.02938085738731 395.88661907351883
518.17580742052132 412.67341133109193
514.40591445759765 429.48057376016476
510.72360908410059 446.30824144204632
507.1345672962517 463.15689443395075
503.65079041274498 480.02819288172952
500.33142177578253 496.83283852509516
497.56872068427242 510.79600094036164
494.97073930966059 521.45245285309545
492.17974523788195 529.89286125518788
488.97002256375265 537.0091572405729
485.09130530975369 543.44251295843674
480.25513695393346 549.56695030174626
474.18583781413804 555.51210962726861
466.68049937598067 561.22024797903066
457.64663412670785 566.52202597843927
447.10788449671156 571.21062100131405
435.184563851635 575.09927936340659
422.06143337207214 578.0559610656718
407.95128437996681 580.01491347624903
393.06727890903164 580.97383628464081
377.60271506494644 580.98126107823737
361.72131884882589 580.12126313765339
345.55275494853555 578.49773581627221
329.19518450245624 576.22280947599143
312.71906463464109 573.40756574914315
296.1725221042646 570.15643554807275
279.58647987510943 566.56380554012526
262.97926959803408 562.71228449566684
246.3605415642715 558.67288235990827
229.73419727015718 554.50526411686587
213.10063283812948 550.25876944279048
196.45831681233375 545.97364834570681
179.80484488934059 541.68223290543028
163.13762377242506 537.41030506640618
146.45426530045614 533.177908109702
129.75280599673053 529.00034849896826
113.03173035324181 524.88937274444368
96.289895300044464 520.85415817975399
79.526564787389546 516.90171491878641
62.74105374459193 513.03860485256246
45.932535663652551 509.27213740003612
29.099450503120213 505.61355813363315
12.237603452701665 502.08863797079528
-3.6586290070573044 498.94382980955555
-15.929656910752101 496.30771481215646
-25.431058139734532 493.65618130924156
-33.159710763353971 490.7153704416985
-39.892357273918265 487.25431134443971
-46.147105397605756 483.00106197033716
-52.182564920962939 477.66473053134752
-58.036082044337043 470.99490546521002
-63.590464000204825 462.83416135357129
-68.65108630641268 453.14149080578881
-73.013758618711208 441.98602922775945
-76.512220410104035 429.52026718561177
-79.042262241875306 415.94511962877135
-80.566731812202462 401.47618084988869
-81.106890073565168 386.32001039226992
-80.728470870842969 370.65808195458385
-79.525530439064852 354.63915214536905
-77.606846109134338 338.37908659880873
-75.085028323614068 321.96353567962359
-72.068715924918934 305.45262580260282
-68.65823233252209 288.88646092195052
-64.943025124706324 272.29003786539084
-61.000742657151584 255.67754339788783
-56.897248115109264 239.05582072642287
-52.687911938050519 222.42703732462243
-48.418027913501469 205.79057729484362
-44.124300548538066 189.14440423172471
-39.836116607899882 172.48596581286003
-35.576557943608165 155.81272361461799
-31.363492156536019 139.12245872683934
-27.210672765355159 122.41338324629703
-23.128585112546531 105.68416192465712
-19.12539532838764 88.933833863880949
-15.207911204253227 72.161675489422393
-11.382775563573887 55.366986440096369
-7.6585022909453659 38.548712068807781
-4.0504696235320576 21.704525017067194
-0.60994839661318356 4.8562775473099355
1.8809875116041106 -8.8433668524635465
2.9334746677032522 -16.182025781518949
3.1506500311421175 -19.033200250534993
3.2174754638662804 -17.955921492945659
3.9047639148650664 -12.918885122791645
5.0780290410454594 -6.8079713888424518
5.8339340253099294 -2.4208753038799395
6.1089262419561301 0.79738965948713836
6.1830119321406709 3.1096800792107624
6.2932126860937201 4.7276303569553013
6.4853478675111695 5.8478032432191585
6.7343216499612701 6.6043869274916194
6.9810486947763586 7.0644312985038349
5.9638202583606459 5.9526364253136173
2.2205379493815531 2.7665055408133767
-0.97798351345317724 0.39998245646363967
-3.2427069600680447 -1.2280900661184833
-4.1569502275218335 -1.8267084324123528
-0.99420527831901406 -0.26804448935957281
2.3815907793100926 1.0907478886168722
3.9498910584220286 1.6622285901034339
1.6854208018104828 0.74285902900004763
-2.0957246061510069 -0.97311541032310722
-1.7998263299933059 -0.78214747023771303
-0.28973732936473129 0.10073618080577643
0.78710923489386531 0.68786063397093711
1.5355153808138764 1.1112523651414106
1.2219051893342145 0.8583438033578038
-0.20191815629263016 -0.28318557725224741
-1.0046207711787483 -0.95835313455711879
0.35377896971518086 0.33734589082104188
0.34127299235728753 0.32869296338100878
-0.93511082719823557 -0.90098973252344816
-0.26690262890932553 -0.19671824389606646
0.61114060749336674 0.73426986650759996
0.59634984728936635 0.68877109501506284
-0.33134573534976974 -0.46977287635028298
-0.14666378594263321 -0.21144073960018461
0.54452936375122252 0.7295430713530312
-0.39102222417681137 -0.51098393583660384
-0.29098022191681261 -0.35820278525632288
0.4129890205814174 0.64476390545446183
0.25263787028146067 0.37128273992745192
-0.32774935174892506 -0.57560905262108963
0.14039311859223549 0.22981064727119588
0.19384439984833113 0.3315908510193657
-0.3596807813301045 -0.59542298535110161
0.077081629754676306 0.17699764061262685
0.31842737275145616 0.6091945706127021
-0.13059820916688278 -0.29606056370811595
-0.019242178816669859 -0.054130870546512506
0.20838617925017527 0.43768548236700833
-0.201908915782464 -0.40802582401984278
