0 0
0.0 0.0 0.0 0.08895134925842285
0.24434609527920614 0.0 -0.002908873882104836 0.12111711502075195
1.4660714028137978 -0.003553854861903152 -0.005817747764209672 0.15040016174316406
3.9094910048018203 -0.017769214167336417 -0.005817747764209672 0.1778547763824463
7.818962367982657 -0.04051378905602964 -0.005817747764209672 0.22333240509033203
11.48409177096469 -0.06183682801417954 -0.0029088738821048347 0.2551131248474121
14.904922632061547 -0.07178762162750836 -0.0029088738821048347 0.2941751480102539
20.036168923706832 -0.08671381204750159 -0.005817747764209669 0.3393282890319824
24.923008127682877 -0.1151445306583681 -0.011635446302104733 0.3713395595550537
28.83228101148285 -0.1606327181816475 -0.011635446302104733 0.404738187789917
32.98588345052032 -0.20896391742513187 -0.014544320184209567 0.44510793685913086
38.11660873379085 -0.28359209100931093 -0.017453194066314404 0.4797053337097168
42.26985970407968 -0.356086947331672 -0.020362067948419237 0.5121257305145264
46.178586782423004 -0.4356877151893971 -0.020362067948419237 0.5440273284912109
50.08731386076633 -0.5152884830471222 -0.020362067948419237 0.5776946544647217
53.7517454967132 -0.5899142029137394 -0.023270941830524073 0.6116969585418701
57.90450442693238 -0.6865702626472857 -0.02617981571262891 0.6451456546783447
62.30122699265196 -0.8017019534509526 -0.02617981571262891 0.6751060485839844
66.20942482884715 -0.9040412341653232 -0.02617981571262891 0.7082326412200928
71.33893448885333 -1.0383615401029347 -0.029088689594733742 0.7507691383361816
75.24681809871886 -1.1520688264226413 -0.029088689594733742 0.7822718620300293
79.1547017085844 -1.265776112742348 -0.029088689594733742 0.815009593963623
83.06258531844993 -1.3794833990620545 -0.029088689594733742 0.8573334217071533
88.68016800763164 -1.5429376231466327 -0.03199756347683858 0.8901064395904541
92.83192534425007 -1.6758290985444104 -0.034906437358943415 0.923027515411377
97.22747579923796 -1.8293244528417567 -0.034906437358943415 0.9572873115539551
101.37882900672653 -1.974292287455917 -0.03781531124104825 0.9918551445007324
105.52974295823864 -2.131335254635141 -0.034906437358943415 1.024048089981079
109.43689891822788 -2.2677755695661155 -0.034906437358943415 1.057640790939331
113.34405487821712 -2.40421588449709 -0.034906437358943415 1.093815565109253
117.73960533320502 -2.557711238794436 -0.034906437358943415 1.1274197101593018
121.89095854069359 -2.7026790734085964 -0.03781531124104825 1.161186695098877
125.79770108329322 -2.8504842189890423 -0.03781531124104825 1.1933343410491943
129.70444362589285 -2.998289364569488 -0.03781531124104825 1.2413017749786377
135.07621462196735 -3.2015214397426015 -0.04363300977894331 1.2751011848449707
139.22614470507034 -3.382710379126544 -0.046541883661048146 1.3106858730316162
143.131448677466 -3.5646019358534153 -0.046541883661048146 1.3452556133270264
147.52491564641113 -3.7692299371711457 -0.046541883661048146 1.3790078163146973
151.4302196188068 -3.9511214938980173 -0.046541883661048146 1.4122345447540283
155.33552359120247 -4.133013050624888 -0.046541883661048146 1.445995807647705
159.24082756359815 -4.314904607351759 -0.046541883661048146 1.4819464683532715
163.39021303426853 -4.508164386374061 -0.04363300977894331 1.514195203781128
167.29602958307134 -4.678695152853066 -0.04363300977894331 1.5489354133605957
171.44595966617433 -4.859884092237008 -0.04072413589683848 1.5816290378570557
175.35225574215627 -5.019052625515023 -0.04072413589683848 1.6160907745361328
179.99098233238485 -5.208065258782666 -0.03781526201473365 1.6540546417236328
184.63023911036203 -5.383583640785932 -0.034906388132628814 1.6881794929504395
188.78159232498683 -5.528551271044273 -0.03199751425052398 1.7209498882293701
192.68912864796113 -5.653625408476804 -0.03199751425052398 1.7617146968841553
197.57354905167898 -5.809968080267469 -0.03199751425052398 1.794675588607788
201.72530639483915 -5.942859351289534 -0.02908864036841915 1.83577299118042
206.6101609141678 -6.084993218725782 -0.02908864036841915 1.8793532848358154
211.7392581594629 -6.2342337795338425 -0.026179766486314315 1.9180328845977783
215.89171836577293 -6.342969060882549 -0.023270892604209482 1.952868938446045
220.04447730075012 -6.439624916191078 -0.02036201872210465 1.9849152565002441
223.9532043830119 -6.519225491636574 -0.02036201872210465 2.0207502841949463
228.10622690791502 -6.603801103047413 -0.017453144839999817 2.058359146118164
232.7480956434028 -6.684824537493844 -0.014544270957894982 2.0899620056152344
236.4128994197915 -6.738130195363474 -0.01745314483999982 2.1260478496551514
240.81045927446414 -6.81488923852325 -0.01745314483999982 2.158979654312134
244.9637102483216 -6.887383890396372 -0.020362018722104656 2.19201397895813
248.87243733058338 -6.966984465841868 -0.020362018722104656 2.2443127632141113
255.95700516718284 -7.11126050883683 -0.017453144839999827 2.3015003204345703
262.79765383000694 -7.230663464863149 -0.017453144839999827 2.3430800437927246
266.7065959230493 -7.2988937254496165 -0.017453144839999827 2.387845277786255
273.5472445858734 -7.418296681475935 -0.011635446302104776 2.4420409202575684
278.67816524586084 -7.47799992760024 -0.01454432018420961 2.4752471446990967
282.8316095227941 -7.538413210977909 -0.017453194066314445 2.507591485977173
286.4962427318725 -7.60237926067411 -0.02036206794841928 2.54337739944458
290.8935606950087 -7.691930124514051 -0.02036206794841928 2.5742433071136475
294.802287773352 -7.771530892371776 -0.02036206794841928 2.605259895324707
298.7110148516953 -7.851131660229501 -0.02036206794841928 2.635801315307617
302.3754464876422 -7.925757380096118 -0.017453194066314445 2.6757001876831055
307.0173152191415 -8.00678104304464 -0.01454432018420961 2.7054567337036133
310.68211899290617 -8.060086881319053 -0.011635446302104772 2.740867853164673
314.8357214319436 -8.108418080562538 -0.014544320184209607 2.776211977005005
319.2334859604612 -8.172385086491834 -0.014544320184209607 2.8116612434387207
323.1426099858102 -8.229244647317875 -0.014544320184209607 2.8477203845977783
327.5403745143278 -8.293211653247171 -0.008726621646314544 2.8830790519714355
331.9384367591876 -8.33159285273295 -0.0029089231084194807 2.9252419471740723
336.8253379886262 -8.3458085127447 -0.0029089231084194807 2.959376573562622
340.73485897217705 -8.3571810407541 -0.0029089231084194807 2.9914846420288086
344.400034894256 -8.367842785762912 -4.922631464347044e-08 3.0249135494232178
348.55391851400253 -8.367842990243295 -0.002908923108419478 3.0611143112182617
352.70778455902536 -8.379926301253283 -4.922631464347044e-08 3.0920426845550537
356.61732208349264 -8.379926493705407 -4.922631464347044e-08 3.1249606609344482
360.28251351268074 -8.379926674129273 0.002908824655790194 3.159332275390625
364.4363795588931 -8.367843772078318 0.0058176985378950285 3.1918246746063232
369.07887680399995 -8.340834817931025 0.008726572419999863 3.223903179168701
372.7439286762909 -8.308850665443206 0.0116354463021047 3.263251304626465
377.3861902258034 -8.254833442759312 0.014544320184209534 3.2952802181243896
380.8066737479837 -8.205081327036526 0.014544320184209534 3.3313820362091064
385.2044382765013 -8.14111432110723 0.020362018722104597 3.363408327102661
389.35746080140444 -8.05653870969639 0.01745314483999976 3.402071952819824
393.9993295368922 -7.97551527524996 0.020362018722104594 3.4449219703674316
399.37382927500215 -7.866064484012403 0.020362018722104594 3.4781835079193115
403.2825563572639 -7.786463908566907 0.020362018722104594 3.511878728866577
407.6798743248084 -7.6969132611907245 0.02617971725999966 3.5472300052642822
411.8323345364711 -7.588178184252331 0.029088591142104492 3.578005313873291
415.7402181575314 -7.474471282674041 0.029088591142104492 3.6129653453826904
419.6481017785917 -7.360764381095751 0.029088591142104492 3.6512162685394287
424.0444708522845 -7.232844116820175 0.029088591142104492 3.6835954189300537
427.9523544733448 -7.119137215241885 0.029088591142104492 3.7151293754577637
431.6159953680889 -7.012536995012239 0.03199746502420933 3.74910831451416
435.2793106766494 -6.895280171500752 0.03490633890631417 3.7812395095825195
439.4306638984104 -6.75031274559823 0.037815212788419005 3.81272292137146
443.82574927520574 -6.584032389527939 0.04363291132631407 3.849055290222168
447.97567937614724 -6.402843858715526 0.0465417852084189 3.88002872467041
451.8809833664506 -6.2209526864761 0.05235948374631397 3.9230806827545166
457.2492304810958 -5.939616896449681 0.05817718228420904 3.9659650325775146
461.88395191194 -5.669677249673386 0.06690360703026321 4.002333879470825
466.02854241493105 -5.391974730932521 0.06981248091236805 4.048226594924927
471.6348129359567 -4.999949989055395 0.07853890565842224 4.083583354949951
475.5322989403179 -4.693214759539195 0.08435660419631731 4.1178271770477295
479.67141172824654 -4.3432226807657575 0.0930830289423715 4.151461362838745
483.56402448158605 -3.9798363742589222 0.10471803223763212 4.1835925579071045
487.2091382686894 -3.5967258266845805 0.11926141722681416 4.2160563468933105
491.09090549751875 -3.131573339424428 0.13671293787827998 4.250934600830078
495.20603061139855 -2.565451070374739 0.1628868979675894 4.283586025238037
498.3404832752757 -2.050325929337699 0.19487368730973512 4.317491292953491
500.7376947336523 -1.577167761652245 0.2471857942321199 4.350002288818359
502.8699671204941 -1.0390965536828247 0.3023983814839657 4.381666898727417
506.13559150144005 -0.020332498026444767 0.37209846178357897 4.415849924087524
509.54996089619175 1.3122251362906687 0.4389031917286781 4.455330848693848
513.973692000865 3.3889073037937263 0.5201724964143633 4.488978624343872
517.3661285111668 5.332064059896705 0.5840807538488617 4.5234551429748535
520.8313785658737 7.622651579454079 0.6508854837939608 4.554711580276489
524.1359907258908 10.139452643953478 0.7060980710458067 4.589274168014526
527.4826015413923 12.99333082560442 0.764210208999259 4.623218297958374
530.8342120801127 16.205840273242938 0.8194227962511047 4.65735650062561
533.8366333076876 19.419855114270085 0.877534934204557 4.69030237197876
536.3350198554692 22.4269381382456 0.9240434851842145 4.7250707149505615
538.9853852069 25.936922202322048 0.9763555921065993 4.760137319564819
541.4485940201488 29.580687695389447 1.028667699028984 4.792745590209961
543.2136153216708 32.511026004134656 1.069369557212371 4.825412273406982
545.2102922959547 36.153556743437015 1.1129751295956998 4.864046335220337
547.15428666482 40.09884640580086 1.1652872365180846 4.898000240325928
548.7929381546764 43.91585707138586 1.2030846936017316 4.929132699966431
550.1983425355332 47.56405144415253 1.237977111459055 4.961115121841431
551.4756229824247 51.259053245939164 1.267057731894514 4.992098808288574
552.5718441678 54.75647048231922 1.2990445212366597 5.025856971740723
553.6212397505433 58.52253640926963 1.3281251416721187 5.0578789710998535
554.560687538874 62.317522773964285 1.3513919989776335 5.090381622314453
555.358410110584 65.89484955679784 1.377565959066943 5.122276306152344
556.0622373296527 69.49182821371143 1.3979253201976674 5.161979913711548
556.8187824011661 73.82450223571031 1.4211921775031822 5.195014715194702
557.365067143694 77.44875404714328 1.4357355624923642 5.226019382476807
557.8585870835499 81.08056713175522 1.4502789474815463 5.26799464225769
558.4167447060408 85.68946832649605 1.4706383086122707 5.299389839172363
558.7587972345148 89.09316967448339 1.4822733119075313 5.3317577838897705
559.0612254279645 92.50062033242885 1.4997248325589971 5.363389253616333
559.3041453923246 95.91282968846805 1.5113598358542577 5.4040141105651855
559.5944358933863 100.7911221290943 1.5288113565057235 5.43748927116394
559.7482736414147 104.45308364717111 1.5375377812517776 5.469232797622681
559.8782752036751 108.36045914090444 1.5491727845470382 5.502306222915649
559.9628066656429 112.26908269493921 1.5608077878422988 5.5375707149505615
560.0042972040504 116.42275909803334 1.569534212588353 5.570021390914917
560.0095398781874 120.57663940935265 1.578260637334407 5.604840517044067
559.9785342888241 124.73040731088814 1.5869870620804611 5.64078426361084
559.9073268269311 129.12806056273803 1.5986220653757217 5.6759912967681885
559.7985550955508 133.03608466267272 1.6044397639136168 5.7078635692596436
559.6588305352651 137.18761765346676 1.6131661886596709 5.750929117202759
559.462184088598 141.8260268990424 1.621892613405725 5.784693717956543
559.2500284058307 145.97448915542944 1.630619038151779 5.814817905426025
559.0162887454297 149.8770331239676 1.6364367366896742 5.847572326660156
558.7438218817081 154.02197111319882 1.639345610571779 5.882870674133301
558.4425624508259 158.4098712238941 1.645163309109674 5.917481184005737
558.1520898563364 162.30860298269317 1.650981007647569 5.949873447418213
557.8389406593376 166.205578891733 1.656798706185464 5.989342451095581
557.3981832082742 171.31788210711608 1.6655251309315182 6.032073020935059
556.9128309759676 176.42614448362718 1.6626162570494134 6.081873178482056
556.4199357381373 181.77911386474366 1.6684339555873084 6.116226434707642
556.0150044829722 185.91321350130164 1.6713428294694133 6.148279428482056
555.6471029245957 189.55989372527768 1.674251703351518 6.184988260269165
555.1928936608721 193.9346072668576 1.6800694018894131 6.220853090286255
554.739888806962 198.06371561233996 1.6887958266354672 6.257216930389404
554.2508693052796 202.18871367941497 1.691704700517572 6.288324594497681
553.8087959097159 205.82714731568328 1.6946135743996769 6.322089910507202
553.3259636378192 209.7067551118958 1.6946135743996769 6.353654384613037
552.8733083829161 213.34388742084505 1.691704700517572 6.3892292976379395
552.4017634276481 217.22488329953126 1.691704700517572 6.420971870422363
551.9891615917886 220.62075469338168 1.691704700517572 6.458315849304199
551.4292019574079 225.22943729932155 1.6946135743996769 6.5057549476623535
550.7351305665566 230.80637350637704 1.6975224482817817 6.535995960235596
550.2718972824753 234.442173712262 1.7004313221638865 6.569847822189331
549.7665027293104 238.31890687316553 1.7004313221638865 6.6039204597473145
549.1663466974272 242.9225275017385 1.7033401960459913 6.635981798171997
548.6819692034654 246.5555712196061 1.706249069928096 6.6678466796875
548.1870257077139 250.18719057584474 1.709157943810201 6.701956272125244
547.6141196902167 254.3013767434256 1.7120668176923057 6.737925052642822
547.029248464742 258.4138789958274 1.7149756915744105 6.771154403686523
546.5026324489711 262.04104094210544 1.7178845654565154 6.807294607162476
545.8938457554796 266.15007098436917 1.7207934393386202 6.839869976043701
545.2731090043104 270.25731276105415 1.7178845654565154 6.87801194190979
544.5927003468786 274.84975810240775 1.7207934393386202 6.911647796630859
543.9354496691701 279.19860233654475 1.7207934393386202 6.943555593490601
543.314712918001 283.30584411322974 1.723702313220725 6.9801025390625
542.6448147993995 287.65275809177007 1.723702313220725 7.019012689590454
541.974916680798 291.9996720703104 1.723702313220725 7.050378799438477
541.342235124341 296.1050908278207 1.7266111871028298 7.084989070892334
540.6976141160571 300.20865182798593 1.7295200609849346 7.119205474853516
540.0410591104338 304.31032034835533 1.7324289348670394 7.151760816574097
539.4118982186734 308.1689004275421 1.7382466334049345 7.185027360916138
538.8010249308497 311.7828265527994 1.7353377595228296 7.22624659538269
537.9605233628365 316.8447894537748 1.7382466334049345 7.267459154129028
537.1460256457383 321.66335762078455 1.7382466334049345 7.300011157989502
536.4944274720597 325.51821215439236 1.7382466334049345 7.333186149597168
535.842829298381 329.37306668800016 1.7382466334049345 7.3660478591918945
535.2319560105574 332.9869928132575 1.7353377595228296 7.40091872215271
534.5115260951175 337.3258181569507 1.7353377595228296 7.433926343917847
533.8711439480597 341.1825517957891 1.7353377595228296 7.46876335144043
533.2707856851931 344.7982395822001 1.7382466334049345 7.500113010406494
532.7006372832243 348.1712372991069 1.7382466334049345 7.534389019012451
532.0490391095457 352.0260918327147 1.7382466334049345 7.568411350250244
531.397440935867 355.8809463663225 1.7382466334049345 7.601168870925903
530.7865676480434 359.4948724915798 1.7353377595228296 7.635308742523193
530.1862093851768 363.1105602779908 1.7324288856407248 7.673227787017822
529.4784035956329 367.45146290191866 1.7324288856407248 7.708970308303833
528.8099203499526 371.5512042689616 1.7353377595228296 7.743049144744873
528.2095620870859 375.1668920553726 1.7382466334049345 7.774712085723877
527.5986887992623 378.7808181806299 1.7353377595228296 7.807360649108887
526.9182827680135 382.8785976718957 1.7382466334049345 7.845409631729126
526.2259597084799 386.974380613854 1.7411555072870393 7.8780694007873535
525.6045765646286 390.58651449857246 1.744064381169144 7.909099340438843
524.9726888226089 394.19682557853207 1.746973255051249 7.944349527359009
524.2874760296021 398.04584715336347 1.746973255051249 7.978733539581299
523.6022632365953 401.89486872819487 1.752790953589144 8.01029109954834
522.9388943132931 405.4995281967426 1.7556998274712488 8.042025566101074
522.1751958313266 409.58260470288843 1.752790953589144 8.093543291091919
521.2907039335903 414.3888173276187 1.758608652127039 8.141042470932007
520.3326441720591 419.42985222037817 1.7615175260091438 8.175185680389404
519.4988846672658 423.7483322439862 1.7673352245470388 8.220973491668701
518.4491560502349 429.0204567437712 1.7731529230849339 8.255953311920166
517.4669903132326 433.8076642989475 1.778970621622829 8.294109582901001
516.6084907472949 437.8718650348466 1.7818794955049337 8.340198755264282
515.4310014658818 443.3670876459264 1.7906059202509879 8.37365198135376
514.5252728889253 447.42102460538723 1.7935147941330927 8.408716917037964
513.607755769188 451.4723097670843 1.7964236680151975 8.445465087890625
512.6237932879899 455.7590617381843 1.8022413665530925 8.481931686401367
511.6149085681578 460.04001680081046 1.8080590650909876 8.517826795578003
510.6385675788225 464.0775293269758 1.8167854898370417 8.551557779312134
509.7460354459964 467.63238721505894 1.8196943637191465 8.58401870727539
508.72278394053217 471.65826668207774 1.8226032376012513 8.619181156158447
507.6269461265361 475.9177929599109 1.8284209361391464 8.654842138290405
506.5063463571279 480.1708719367155 1.8342386346770414 8.687620639801025
505.55190985917994 483.7096117101347 1.8371475085591462 8.72166109085083
504.4585535069641 487.7170199765168 1.840056382441251 8.755103588104248
503.4835457817193 491.2501472241979 1.8429652563233558 8.791395902633667
502.3668939734574 495.25112683743066 1.85169168106941 8.82472276687622
501.2831075300453 499.0074402695465 1.8691432017208758 8.864981412887573
500.56487536439323 501.3429581958409 1.9040356195781991 8.901271104812622
499.8455320712894 503.4210947128196 1.9534463649210214 8.932920217514038
498.65949027481435 506.36786451550677 2.002857110263844 8.967493295669556
497.3293531444081 509.2524585298058 2.063867821006825 8.999982595443726
495.710151614113 512.2658236259758 2.1161799279292097 9.034422159194946
493.55534076895924 515.8170965453677 2.182984657874309 9.068928241729736
491.308686919456 519.0166324704246 2.2410967958277612 9.101099967956543
488.7282052179488 522.2717612412391 2.296309383079607 9.131419658660889
486.2962796816969 525.0139075536592 2.3457201284224296 9.166967630386353
482.53516873086085 528.8546459365939 2.4096283858569283 9.20145845413208
479.4452481709022 531.630819573012 2.459039131199751 9.233202457427979
476.22198174396834 534.2509918321201 2.50264470358308 9.273306846618652
472.2991342315213 537.1653138982903 2.560756841536532 9.307751655578613
469.2350183895268 539.1764882615497 2.6043624139198607 9.338726043701172
465.66629475195174 541.3022729931281 2.6479679863031897 9.389406442642212
461.3627676998358 543.6177989858528 2.7002800932255746 9.426978349685669
457.60686013969706 545.3920333351119 2.7380775503092214 9.459877014160156
453.78658961469955 547.0230705027552 2.775875007392868 9.492364883422852
450.3637869805835 548.3338146961362 2.807861796735014 9.525736808776855
446.66995113596215 549.6144631288486 2.836942417170473 9.561880350112915
442.7073458571998 550.8604601317033 2.8689292065126186 9.594220876693726
439.1775573982658 551.8474868019458 2.895103166601928 9.628902435302734
435.6231465102956 552.7417974035117 2.9154625277326525 9.669250726699829
431.3368898022227 553.7279150732828 2.9445431481681115 9.701569557189941
427.50300775636754 554.493311776756 2.9678100054736265 9.735812664031982
423.6523566241233 555.1693069786352 2.9910768627791415 9.768188714981079
419.7870208485399 555.7555347476919 3.0085283834306074 9.80404019355774
415.66985753903435 556.3066385575678 3.028887744561332 9.836033821105957
412.2707156836088 556.6913689114783 3.0463392652127976 9.873834371566772
407.64918548146903 557.1329215642148 3.0608826502019797 9.905635118484497
403.75237461446375 557.4481178871744 3.0783341708534455 9.941872119903564
399.85065675419725 557.6952643904783 3.089969174148706 9.975676774978638
395.946327499664 557.8969986895293 3.1016041774439667 10.011116743087769
392.03991538684346 558.0532934751972 3.1132391807392272 10.043550968170166
387.88770134910243 558.1710547217285 3.1219656054852813 10.083226919174194
383.00172068581617 558.2669644150374 3.133600608780542 10.118999719619751
378.8479697254113 558.3001620856516 -3.1408582736529898 10.161460399627686
373.71670310823 558.29639378572 -3.1321318489069356 10.205864906311035
368.5856647474079 558.2478485855838 -3.1234054241608815 10.24573302268982
364.43246810980463 558.1723051159837 -3.1146789994148274 10.283643245697021
360.2800888212108 558.0605224247674 -3.1059525746687733 10.32013988494873
356.1288430853326 557.9125090241877 -3.1030437007866682 10.351719379425049
352.222210030084 557.7618377699393 -3.097226002248773 10.39616346359253
346.6077800955479 557.5125807472691 -3.088499577502719 10.430198669433594
342.7037515250743 557.3051088789504 -3.082681878964824 10.470174074172974
337.8253071481279 557.0173830158141 -3.076864180426929 10.508318662643433
333.1924536171832 556.7170859708036 -3.068137755680875 10.541194200515747
329.0497713525322 556.412237187725 -3.06522888179877 10.572300434112549
325.63889537517935 556.1512623505412 -3.059411183260875 10.607625484466553
321.4990310997237 555.8102742170167 -3.0565023093787698 10.640028238296509
318.0905623827899 555.5195444383394 -3.0565023093787698 10.671321630477905
314.195169563437 555.1872818341366 -3.0565023093787698 10.702904462814331
310.7867008465032 554.8965520554592 -3.0565023093787698 10.741268634796143
306.4043839247312 554.5227566257311 -3.0565023093787698 10.772105932235718
302.50899110537824 554.1904940215283 -3.0565023093787698 10.808140993118286
298.8570603372349 553.8789978300882 -3.0535934354966647 10.842969179153442
294.719249892657 553.5139309168515 -3.0506845616145597 10.887633800506592
289.6091704142377 553.0480993797887 -3.0477756877324547 10.919728755950928
285.9600969745489 552.7047464355004 -3.0448668138503496 10.95234227180481
282.06883379343685 552.3271825196668 -3.0390491153124546 10.988073825836182
277.93677045454314 551.9019747001613 -3.0303226905664005 11.02197790145874
273.8085749409179 551.440725388311 -3.0215962658203463 11.059775829315186
269.19938357629076 550.8849690400115 -3.0186873919382413 11.095310688018799
265.07683414982057 550.3757192459924 -3.009960967192187 11.13398814201355
260.4744210234129 549.7663724085519 -3.007052093310082 11.168859243392944
256.35807578926074 549.209191073912 -3.004143219427977 11.202149629592896
252.48541032959642 548.6735177660642 -3.004143219427977 11.238200664520264
248.12866168747405 548.0708852947353 -3.004143219427977 11.276000022888184
243.52987145412266 547.4347732416659 -3.001234345545872 11.31407117843628
239.17489422378875 546.8194701054733 -3.001234345545872 11.349393606185913
234.81991699345485 546.2041669692808 -3.001234345545872 11.383661985397339
230.94882612204694 545.6572308482207 -3.001234345545872 11.42328429222107
227.07773525063902 545.1102947271606 -3.001234345545872 11.455911636352539
223.4485875586941 544.5975421136668 -2.998325471663767 11.491326093673706
219.33726131045313 544.0044606631703 -2.995416597781662 11.52504014968872
215.46941786814327 543.4350128947152 -2.995416597781662 11.563096523284912
210.8763537804003 542.7587936696748 -2.992507723899557 11.600080251693726
206.76854748714464 542.1418037317604 -2.989598850017452 11.643968105316162
201.21337890327737 541.2908897772508 -2.986689976135347 11.681255340576172
196.86781116849303 540.6123135556394 -2.986689976135347 11.714324712753296
192.76366386341894 539.9714360130064 -2.989598850017452 11.751563787460327
188.89919876159823 539.3794958707388 -2.989598850017452 11.782134771347046
185.03473365977752 538.7875557284711 -2.989598850017452 11.815332174301147
181.1702685579568 538.1956155862035 -2.989598850017452 11.84614610671997
177.5473325249999 537.6406717028276 -2.992507723899557 11.881274700164795
173.6811618960534 537.0599752906729 -2.992507723899557 11.913577318191528
170.05662693141605 536.5155724042779 -2.995416597781662 11.947335958480835
166.18878348910619 535.9461246358228 -2.995416597781662 11.978198528289795
162.5626802619407 535.4122673528962 -2.992507723899557 12.016041278839111
158.2132383043759 534.7589838892221 -2.992507723899557 12.048379182815552
154.58870333973854 534.2145810028271 -2.995416597781662 12.08398175239563
150.23737946713993 533.5739522633152 -2.989598899243767 12.115451335906982
146.3729143361802 532.982012311281 -2.989598899243767 12.154973268508911
142.2669201345355 532.3530761122446 -2.986690025361662 12.18516492843628
139.12845452417739 531.8629934400203 -2.983781151479557 12.235489845275879
133.09571078272535 530.9029742350858 -2.980872277597452 12.298687219619751
124.17142082450883 529.4561800933626 -2.9721458528513978 12.365685224533081
117.42771542978309 528.3024172307033 -2.9663281543135027 12.410981178283691
113.33746742545073 527.5781103969281 -2.9634192804313977 12.455300569534302
107.806476421984 526.582072710525 -2.9605104065492927 12.498995780944824
103.23980968613405 525.7459715933687 -2.9576015326671876 12.541732549667358
98.43537252186272 524.8518858895089 -2.9517838341292926 12.573620319366455
94.83600674572651 524.1603700023644 -2.9488749602471875 12.612350940704346
90.27937732244678 523.2711914751103 -2.9459660863650825 12.646187543869019
86.68409550085818 522.558747206449 -2.9430572124829775 12.679941654205322
83.0909012976853 521.8358477453351 -2.9401483386008724 12.713085889816284
78.7816098807301 520.9558295012677 -2.9343306400629774 12.748691320419312
74.71662764306855 520.1010379863973 -2.9314217661808724 12.779889583587646
70.89311840782305 519.2854027841099 -2.9256040676429773 12.817594289779663
66.83575025499283 518.3951709048799 -2.9226951937608723 12.85182499885559
62.780988836567246 517.4931404364114 -2.9197863198787672 12.88795804977417
58.49050844004867 516.5255648097935 -2.913968621340872 12.924682378768921
54.68181621054499 515.6433249579753 -2.908150922802977 12.958000659942627
50.87832101117072 514.7389423378665 -2.908150922802977 12.989235639572144
47.312544261757346 513.8910836315146 -2.911059796685082 13.021310329437256
43.74431628775909 513.0536008924863 -2.908150922802977 13.055309772491455
39.94082108838482 512.1492182723775 -2.908150922802977 13.087234020233154
36.37504433897145 511.30135956602555 -2.905242048920872 13.120184898376465
32.57419596258608 510.385916899909 -2.899424350382977 13.153070211410522
28.541521501707493 509.389781457825 -2.890697925636923 13.184675931930542
25.46447631112976 508.6011495359772 -2.887789051754818 13.219983577728271
21.44366489108466 507.55816120870156 -2.884880177872713 13.253618478775024
17.425904399396433 506.5034812772401 -2.8761537531266588 13.294902563095093
13.181711878829287 505.3496812622908 -2.864518749831398 13.328329086303711
9.421284248128526 504.2802572633642 -2.8528837465361376 13.362043142318726
5.205087287350478 503.02801614678117 -2.835432225884672 13.397903442382812
1.011384745874194 501.70239040029367 -2.806351605449213 13.438354969024658
-2.4497692625909093 500.49655411692856 -2.774364816107067 13.471213102340698
-4.5022608169442755 499.7070070468676 -2.713354105364086 13.505159139633179
-7.39191784469526 498.3879052028145 -2.6407598447287945 13.539316177368164
-10.60696141328874 496.6280407010305 -2.573955114783695 13.571739196777344
-13.697353641385094 494.65748136695413 -2.5129444040407143 13.60510778427124
-16.66184530579845 492.50215833218243 -2.4519336932977334 13.643033266067505
-20.054917036569474 489.7036785920418 -2.393821555344281 13.683146953582764
-24.354663679089903 485.7159139256686 -2.312552250658596 13.721685886383057
-27.326035394148946 482.47317206775233 -2.260240143736211 13.753622055053711
-29.9683545350099 479.2680357704573 -2.2166345713528823 13.788793802261353
-32.61550855730914 475.7556291584091 -2.1643224644304975 13.82412600517273
-34.80206429625204 472.514725325261 -2.11781391345084 13.857988119125366
-36.962674990783825 468.9669780748113 -2.0742083410675107 13.89178204536438
-38.73082588757423 465.7564842469442 -2.030602768684182 13.927953958511353
-40.57421418035924 462.0340295825565 -1.992805311600535 13.961198329925537
-42.07545463807485 458.69039304418817 -1.9608185222583894 13.995639562606812
-43.56189577105683 455.0744593593155 -1.925926104401066 14.029869079589844
-44.83632698857082 451.6379708485796 -1.8939393150589203 14.06398320198059
-46.23297796357943 447.46738447731923 -1.859046897201597 14.100736379623413
-47.41382492514695 443.4848790373035 -1.8270601078594513 14.135402917861938
-48.46670200285342 439.4666457208274 -1.8008861477701419 14.16921854019165
-49.35833059345822 435.66014048483544 -1.777619290464627 14.202224254608154
-50.26151416099158 431.3556446874774 -1.7543524331591123 14.259990692138672
-51.51030802789535 424.62888877752437 -1.719460015301789 14.298816680908203
-52.12556753393633 420.5208229471579 -1.6991006541710645 14.343627691268921
-52.8133912948848 415.18939486600357 -1.6758337968655497 14.392090559005737
-53.42823115929665 409.3574089121993 -1.6525669395600349 14.427992820739746
-53.78747644072901 404.9738752401598 -1.635115418908569 14.460219383239746
-54.03876100280084 401.07242170024904 -1.6234804156133085 14.508158922195435
-54.360440929409414 394.97224498570307 -1.603121054482584 14.540901899337769
-54.48679365851445 391.0647497978538 -1.5914860511873234 14.574081659317017
-54.57778532708855 386.66746141267987 -1.5798510478920629 14.60819935798645
-54.61097215975637 383.0024202332753 -1.5711246231460088 14.645457029342651
-54.61249630042728 378.3598446731553 -1.5623981983999546 14.675472736358643
-54.58171591403195 374.69478249354535 -1.5536717736539005 14.710088014602661
-54.51477010302953 370.7858181916353 -1.5478540751160055 14.74741530418396
-54.413873661597776 366.38874592315466 -1.5420363765781104 14.77781057357788
-54.30847746943681 362.72507019306175 -1.5391275026960056 14.810402393341064
-54.2001614276931 359.30594012334706 -1.5333098041581106 14.842949390411377
-54.06279832283049 355.64332362826923 -1.5304009302760058 14.888121604919434
-53.845707312212674 350.27209486719835 -1.5245832317381107 14.920754432678223
-53.676387755203656 346.61081652484194 -1.521674357856006 14.952864408493042
-53.49641873262117 342.950046201057 -1.518765483973901 14.987836599349976
-53.28038617190179 338.8017840276755 -1.5158566100917963 15.02497911453247
-53.0522877706916 334.65416781522725 -1.5129477362096915 15.061161994934082
-52.79799826425247 330.2632952968034 -1.5071300376717964 15.09366512298584
-52.54926063608085 326.36167854889624 -1.5071300376717964 15.127734422683716
-52.300523007909234 322.4600618009891 -1.5071300376717964 15.16165828704834
-52.02069317621617 318.07074295959353 -1.5013123391339014 15.19565725326538
-51.732296972808925 313.9268828320966 -1.4984034652517966 15.241302251815796
-51.43184804004309 309.7838791433222 -1.4954945913696918 15.27363920211792
-51.15611352251659 306.1290742663913 -1.492585717487587 15.324191331863403
-50.65974803833107 299.7954962130182 -1.492585717487587 15.359922170639038
-50.33520137559437 295.6543105627358 -1.4896768436054821 15.397283554077148
-49.99860991614935 291.5140864968395 -1.4867679697233773 15.430671215057373
-49.62946866054494 287.13137508042774 -1.4809502711854823 15.464686632156372
-49.21291249304274 282.50752483266405 -1.4780413973033775 15.50100827217102
-48.82817154999988 278.3714973263308 -1.4751325234212727 15.533181428909302
-48.45474050932793 274.4798353532041 -1.4751325234212727 15.568857192993164
-48.05797002861398 270.344944506757 -1.4722236495391678 15.603593349456787
-47.625126505101385 265.9680653548625 -1.4664059510012728 15.638283729553223
-47.19228816549108 261.8367943521127 -1.463497077119168 15.672044515609741
-46.74743432774827 257.7067998981886 -1.4605882032370632 15.711931705474854
-46.236819865230764 253.09238953227006 -1.4576793293549584 15.746066093444824
-45.76794642530809 248.96505300325606 -1.4547704554728536 15.780041694641113
-45.31535598697662 245.08180107344918 -1.4547704554728536 15.815813302993774
-44.80619174385372 240.71314265241645 -1.4547704554728536 15.854734659194946
-44.35360130552225 236.82989072260958 -1.4547704554728536 15.88542103767395
-43.9292977695865 233.18934203841562 -1.4576793293549584 15.917257308959961
-43.5155859108312 229.54757451281503 -1.4547704554728536 15.951961755752563
-43.006421667708295 225.1789160917823 -1.4489527569349585 15.987728595733643
-42.531247426819554 221.29836289719603 -1.4489527569349585 16.03138566017151
-41.93727962570863 216.4476714039632 -1.4489527569349585 16.07091450691223
-41.373010214653256 211.83951448539202 -1.4460438830528537 16.109106302261353
-40.76493489658786 206.99057128930923 -1.4460438830528537 16.145002841949463
-40.308878408038815 203.35386389224715 -1.4431350091707489 16.17600440979004
-39.842245140714724 199.7184984901974 -1.4460438830528537 16.209377765655518
-39.29497735445587 195.35444961372286 -1.4460438830528537 16.25913691520691
-38.717305802293744 190.7479535774442 -1.4431350091707489 16.29117727279663
-38.25067253496965 187.11258817539445 -1.440226135288644 16.32684636116028
-37.64621147793052 182.50953082348676 -1.4431350091707489 16.370918035507202
-37.05514267265334 177.9047346475571 -1.440226135288644 16.415881395339966
-36.29161291639338 172.09034641356843 -1.434408436750749 16.45920157432556
-35.56071516424429 166.76465252576847 -1.434408436750749 16.498385667800903
-34.99593053758363 162.6493436124685 -1.4314995628686442 16.5335853099823
-34.48703071265505 159.0196536559045 -1.4285906889865394 16.56724762916565
-33.96757474534005 155.39145937904794 -1.4256818151044346 16.606154680252075
-33.26089779293567 150.55590218300338 -1.4198641165665395 16.642122745513916
-32.6730604738801 146.6908108591737 -1.4198641165665395 16.678719520568848
-32.04848332238355 142.58415132760467 -1.4169552426844347 16.714005947113037
-31.37452070805975 138.23786566964006 -1.4111375441465397 16.747632265090942
-30.75297720041478 134.37805125398194 -1.4111375441465397 16.78147840499878
-30.053740754314184 130.03576003636655 -1.4053198456086446 16.828117847442627
-28.967010836530633 123.52853532112901 -1.3965934208625905 16.871798515319824
-28.204695752113068 119.19687278369554 -1.3907757223246955 16.912200689315796
-27.329693142557915 114.3889235176831 -1.3907757223246955 16.948051691055298
-26.585940924436034 110.30216664157251 -1.3878668484425907 16.982980728149414
-25.874753239681855 106.45785971674563 -1.3878668484425907 17.01804804801941
-25.11911632463054 102.37328360911707 -1.3849579745604859 17.051509618759155
-24.441897014517785 98.77120057029019 -1.382049100678381 17.084403038024902
-23.662509987675236 94.6910896663088 -1.3791402267962762 17.12287163734436
-22.77816924802264 90.13351886481607 -1.3762313529141714 17.15874433517456
-22.069542107351285 86.53748274318188 -1.3733224790320666 17.19154691696167
-21.350457563917388 82.94352313962645 -1.3704136051499618 17.2332603931427
-20.426378805849073 78.39384308457694 -1.367504731267857 17.264946460723877
-19.686397799015026 74.80412773066395 -1.3645958573857522 17.30176615715027
-18.735865937518234 70.25990069686516 -1.3616869835036474 17.354088306427002
-17.46777856290526 64.2843180194839 -1.3587781096215426 17.38873600959778
-16.645081473949528 60.46232205467159 -1.3529604110836475 17.420153379440308
-15.85297060373788 56.88374851457402 -1.3500515372015427 17.45977210998535
-14.78294777254059 52.115409511105995 -1.3500515372015427 17.491358995437622
-13.980430649142622 48.53915525850497 -1.3471426633194379 17.52185583114624
-13.221708502160281 45.20351086765562 -1.3413249647815428 17.561004161834717
-12.165695326772628 40.68263193454582 -1.338416090899438 17.59342908859253
-11.321622151184497 37.11595719652352 -1.3355072170173332 17.6254620552063
-10.467177554316416 33.55175284723646 -1.326780792271279 17.675414562225342
-9.050354466037431 27.861172862668994 -1.320963093733384 17.71518087387085
-7.902513004673317 23.36273200677216 -1.31223666898733 17.749212741851807
-6.840413341534769 19.346926554318156 -1.3035102442412758 17.782288074493408
-5.807846374002184 15.576211885614295 -1.2976925457033808 17.818933963775635
-4.6874547321874065 11.576277924240694 -1.2831491607141987 17.85215663909912
-3.43969082964846 7.358753784457269 -1.2715141574189381 17.887604475021362
-2.214983207807279 3.3895170357356155 -1.256970772429756 17.92101526260376
