0.0 0.0 0.0 0.08985161781311035
0.0 0.0 0.0 0.12276744842529297
1.7104226669544431 0.0 -0.026173960089309403 0.15176796913146973
4.397309091284012 -0.07034252209753268 -0.07558470543213175 0.18076729774475098
7.0774420090245656 -0.2733062402963335 -0.13079729268397755 0.2095203399658203
9.98454935179702 -0.6557313357837313 -0.1889094306374298 0.2382051944732666
13.104537445485617 -1.2522392638587279 -0.24992014138041058 0.2657744884490967
16.419104558491608 -2.0983052494090972 -0.3138283988149091 0.29698777198791504
20.370107133857438 -3.3806186962117546 -0.3864226594502007 0.3328571319580078
25.123011863668793 -5.314476996610416 -0.4705809881794582 0.3671755790710449
29.260962971289555 -7.419440365737886 -0.5431752488147499 0.4001021385192871
33.65369706479099 -10.071571297738434 -0.6157695094500415 0.43343520164489746
37.24410054179665 -12.611931016054093 -0.67967776688454 0.47231125831604004
41.61516674494818 -16.144314460816503 -0.7580566872736897 0.503990888595581
44.98648195003503 -19.336139008372115 -0.8190673980166705 0.5395100116729736
48.15690987056751 -22.72758367917782 -0.8800781087596512 0.5812113285064697
52.20434764732768 -27.624402758469436 -0.9555653319661122 0.6298980712890625
56.011986445264064 -33.012059224248745 -1.0339442523552618 0.6700220108032227
58.51132175398305 -37.21150308336492 -1.092056390308714 0.7066943645477295
60.76253676668394 -41.54901811825161 -1.150168528262166 0.7399904727935791
62.458707054687345 -45.34081920487163 -1.1995792736049884 0.7734243869781494
63.78825471724823 -48.75636180094224 -1.2431848459883172 0.808906078338623
65.28215420967125 -53.15201584339901 -1.286790418371646 0.8399298191070557
66.4460861948245 -57.13949768791386 -1.324587875455293 0.8788628578186035
67.57761428494366 -61.64206965687778 -1.3623853325389401 0.920191764831543
68.68985862547977 -66.9013604301277 -1.403087190722327 0.9517514705657959
69.38324177110869 -70.99696404128882 -1.4350739800644727 0.9855968952178955
69.94528735655531 -75.11264793175931 -1.4612479401537821 1.0188992023468018
70.39942898448763 -79.24163140329046 -1.4874219002430915 1.0522410869598389
70.72500692948971 -83.13758862288952 -1.5106887575486063 1.0847759246826172
70.97453645841428 -87.28397067723438 -1.5310481186793308 1.1182491779327393
71.13960241583756 -91.43457332698276 -1.5455915036685128 1.150939702987671
71.24428923264486 -95.58713757052976 -1.5659508647992373 1.1862082481384277
71.26560060418379 -99.98531565373402 -1.583402385450703 1.2197012901306152
71.21015773087127 -104.38319590607537 -1.600853906102169 1.2508621215820312
71.10000753657424 -108.04673178651795 -1.615397291091351 1.2897460460662842
70.87122390443413 -113.17289695615 -1.6357566522220754 1.322676420211792
70.61743765221446 -117.07418856193931 -1.647391655517336 1.3551712036132812
70.33697553561983 -120.72863369270118 -1.6561180802633901 1.3857789039611816
70.00381151036161 -124.62394951911264 -1.6677530835586507 1.4216198921203613
69.53073342951939 -129.48791938340094 -1.6793880868539113 1.4523499011993408
69.13350561300008 -133.1315217593988 -1.6881145115999654 1.48325777053833
68.7044977025328 -136.7715190705723 -1.6968409363460195 1.519845962524414
68.15159129998025 -141.1348571432125 -1.70847593964128 1.5520992279052734
67.58149130762133 -145.2494330782404 -1.7172023643873342 1.5836973190307617
67.04680010113007 -148.87541343206124 -1.7259287891333883 1.613020420074463
66.51824196265662 -152.25517808256276 -1.7317464876712834 1.650217056274414
65.85255652758856 -156.35537466662268 -1.7346553615533882 1.6897046566009521
65.09522819957866 -160.93576372848435 -1.737564235435493 1.7201106548309326
64.52738165697382 -164.30914972812593 -1.743381933973388 1.7529358863830566
63.89795790858103 -167.91989119734703 -1.7521083587194421 1.7883102893829346
63.06080746252114 -172.4863656892379 -1.755017232601547 1.8229503631591797
62.16561779523878 -177.29059727929152 -1.755017232601547 1.8600995540618896
61.44946606141289 -181.13398255133438 -1.755017232601547 1.9010484218597412
60.4647574274023 -186.41863730039333 -1.7666522358968075 1.9423303604125977
59.561283615842704 -190.97245385645422 -1.7695611097789123 1.9753789901733398
58.7893118697105 -194.80501739518277 -1.7695611097789123 2.0081944465637207
58.0173401235783 -198.63758093391132 -1.7695611097789123 2.0428788661956787
57.2453683774461 -202.47014447263987 -1.7753788083168074 2.09234356880188
56.10362644728979 -207.97290540857813 -1.7782876821989122 2.127937078475952
55.24790268425042 -212.0376914998464 -1.781196556081017 2.1609981060028076
54.48242261711147 -215.6220559455197 -1.7841054299631218 2.194218397140503
53.70651933912715 -219.20417854473473 -1.7870143038452266 2.2287933826446533
52.92019941563509 -222.7840289872132 -1.7899231777273314 2.261892557144165
52.07035417241238 -226.60008018154872 -1.7899231777273314 2.295570135116577
51.27362425689108 -230.17762817623827 -1.7928320516094363 2.3270976543426514
50.41268221317114 -233.99119113659086 -1.7928320516094363 2.362046003341675
49.55174016945119 -237.80475409694344 -1.7928320516094363 2.398115873336792
48.636989247998756 -241.85666474231806 -1.795740925491541 2.42989182472229
47.81945966113577 -245.4295170464579 -1.7928320516094363 2.4695706367492676
46.85089986195083 -249.71977537685456 -1.7928320516094363 2.5018794536590576
45.989957818230884 -253.53333833720714 -1.7928320516094363 2.5329649448394775
45.12901577451094 -257.3469012975597 -1.7928320516094363 2.5669801235198975
44.160455975326 -261.6371596279564 -1.7928320516094363 2.6080899238586426
43.13808729840857 -266.1657656433751 -1.7899231777273314 2.641611337661743
42.23512672748444 -270.2203200373566 -1.7870143038452266 2.6812353134155273
41.23912149106117 -274.754797264496 -1.7841054299631218 2.723928213119507
40.049403131485214 -280.24738524995905 -1.7870143038452266 2.7647998332977295
39.21066187976035 -284.0658923886028 -1.7870143038452266 2.7940995693206787
38.42434195626829 -287.64574283108124 -1.7899231777273314 2.8272101879119873
37.627612040746996 -291.2232908257708 -1.7928320516094363 2.8711626529693604
36.39000785289958 -296.7052875812776 -1.7899231777273314 2.910313367843628
35.38081662657261 -301.2368483745511 -1.7870143038452266 2.9535818099975586
34.175126077218124 -306.72595238635137 -1.7841054299631218 2.993410587310791
33.192315258437986 -311.2633076786904 -1.781196556081017 3.0292067527770996
32.375803186823106 -315.08662975407526 -1.781196556081017 3.0630621910095215
31.559291115208225 -318.9099518294601 -1.781196556081017 3.0941731929779053
30.844843052545205 -322.25535864542184 -1.781196556081017 3.1282050609588623
30.028330980930324 -326.0786807208067 -1.781196556081017 3.159912586212158
29.211818909315443 -329.90200279619154 -1.775378857543122 3.1934263706207275
28.467204430378303 -333.49075989167056 -1.7724699836610172 3.2273337841033936
27.684087522024363 -337.3210616504186 -1.7724699836610172 3.2593984603881836
26.75413619335406 -341.86954498893186 -1.7695611097789123 3.2977144718170166
26.03041268135512 -345.4625733064899 -1.7724699836610172 3.3317959308624268
25.24729577300118 -349.2928750652379 -1.7724699836610172 3.3647656440734863
24.46417886464724 -353.12317682398594 -1.7724699836610172 3.3991990089416504
23.58317234274906 -357.43226630257743 -1.7724699836610172 3.4355850219726562
22.80005543439512 -361.26256806132545 -1.7724699836610172 3.469792366027832
21.967993719269057 -365.3322636799952 -1.7695611097789123 3.502371072769165
21.244270207270116 -368.92529199755324 -1.7724699836610172 3.5368752479553223
20.461153298916177 -372.75559375630127 -1.7724699836610172 3.573422908782959
19.580146777017994 -377.06468323489275 -1.7724699836610172 3.6098506450653076
18.74808506189193 -381.1343788535625 -1.775378857543122 3.663370370864868
17.209215138755173 -388.5511435175525 -1.7782877314252268 3.724193572998047
16.001134249625093 -394.28966499869716 -1.7782877314252268 3.757291316986084
14.994400175350027 -399.0717662329844 -1.7782877314252268 3.805523157119751
14.038002804788714 -403.61476240555726 -1.7811966053073316 3.8409078121185303
13.323554577443646 -406.96016918634933 -1.7811966053073316 3.872934579849243
12.456010301381777 -411.0224488487397 -1.7782877314252268 3.9097564220428467
11.499612930820465 -415.5654450213126 -1.775378857543122 3.9537646770477295
10.754998451883324 -419.1542021167916 -1.7666524327970679 3.9867730140686035
10.041728945403921 -422.74932031008103 -1.763743558914963 4.017332553863525
9.338920187271638 -426.3464981013622 -1.7608346850328582 4.047760963439941
8.646578124331805 -429.94570505296673 -1.7579258111507534 4.093879222869873
7.51012894188776 -435.94771448144934 -1.7491993864046993 4.124119997024536
6.859710645921555 -439.5547332300652 -1.7462905125225945 4.156350374221802
6.219787449559166 -443.1636287003374 -1.7433816386404897 4.1900248527526855
5.506441743267542 -447.2558025761293 -1.7404727647583849 4.221282482147217
4.887524901471905 -450.8683598636385 -1.73756389087628 4.251960515975952
4.279119136893067 -454.48270221574364 -1.728837466130226 4.284173488616943
3.702276423607694 -458.1022160914904 -1.7259285922481211 4.321588516235352
3.0982107401247436 -461.96480438242384 -1.720110893710226 4.355576753616333
2.516626526593909 -465.83084155992094 -1.714293195172331 4.388227224349976
1.9924861582581788 -469.4583620749387 -1.705566770426277 4.4218590259552
1.4343585591101355 -473.5745791136124 -1.6968403456802228 4.458711624145508
0.9428884921964535 -477.45310213514335 -1.6910226471423278 4.495314836502075
0.444684580276321 -481.57700101709304 -1.6822962223962736 4.528049468994141
0.009674221418942086 -485.4622615801576 -1.670661219101013 4.561281442642212
-0.38010269384067935 -489.35232039867805 -1.6590262158057525 4.596054315567017
-0.724593400709855 -493.2466508684891 -1.6415746951542867 4.627872705459595
-0.9837931297241123 -496.9026655994595 -1.6212153340235622 4.6619250774383545
