0.0 0.0 0.0 0.1178734302520752
0.0 0.0 0.0 0.1611924171447754
-0.48869219055841295 0.0 0.06970008029961325 0.1920464038848877
-0.7324449970554672 -0.017017156137400888 0.1422943409349049 0.22377729415893555
-0.9743215427364307 -0.05166900930053742 0.2379942208057182 0.25156116485595703
-1.2117802056601248 -0.10927454445721013 0.32792632807746985 0.2980155944824219
-0.9804547596381024 -0.030575419297475134 0.48657039169285765 0.32981443405151367
-0.5484793398584331 0.19793561723896808 0.6024048057299647 0.36157703399658203
-0.34714417454961033 0.3363883726765695 0.7153682428214565 0.3969001770019531
0.20619106831100031 0.8171848343026327 0.839803905823543 0.432880163192749
1.0218291261264927 1.7267781036257088 0.952767342915035 0.46816444396972656
2.2960619519821117 3.519105323205268 1.0657307800065268 0.49877452850341797
3.2419057562996922 5.229807053969143 1.158547547738522 0.5439753532409668
4.416733668744891 7.9163106240765275 1.3200266009631387 0.5842070579528809
5.08371213517799 10.520047640938278 1.4214878737240952 0.618668794631958
5.483535031982174 13.177950644972228 1.5171877535949085 0.6542007923126221
5.6406482990721285 16.105891470426933 1.6100045213269039 0.6902763843536377
5.516135406631166 19.27994943345012 1.7057044011977172 0.7248048782348633
5.121763092287675 22.185460151678402 1.7927503464861698 0.7580993175506592
4.368711445724704 25.522389281302672 1.874019651171855 0.7955572605133057
3.2013312602104813 29.253569678668452 1.9552889558575401 0.8294050693511963
1.7349072954795444 32.87766741615853 2.0365582605432255 0.8623707294464111
-0.020880487807680925 36.370759587183684 2.106258340842839 0.8988637924194336
-2.389701132372054 40.36352791358505 2.1846372612319884 0.9318642616271973
-4.923131768240454 43.95882398475619 2.2543373415316017 0.9708118438720703
-7.700800637416773 47.36895305553106 2.324037421831215 1.0028717517852783
-10.542084651794568 50.399110522732975 2.379250009083061 1.0396838188171387
-14.253120937993675 53.94285444395492 2.44605473902816 1.073051929473877
-17.629681993439025 56.761233422194884 2.498366845950545 1.1068189144134521
-20.95347490466977 59.25264864444319 2.5477775912933676 1.1388039588928223
-24.396263849430806 61.57685892069392 2.59718833663619 1.1795260906219482
-28.576712541662452 64.10783787021063 2.6553004745896422 1.2136287689208984
-32.24904385238182 66.04916006673251 2.6989060469729713 1.2515618801116943
-36.00250998764684 67.8285535301961 2.7425116193563 1.2876644134521484
-39.604830060749336 69.34768938526 2.783213477539687 1.3288147449493408
-43.72362514993389 70.89039857348841 2.8181058953970104 1.3659594058990479
-47.66205859270511 72.21081182064233 2.855903352480657 1.402794361114502
-51.64757543367119 73.38145465121622 2.887890141822803 1.433077335357666
-54.95891870976857 74.24005147532571 2.916970762258262 1.4670794010162354
-58.53203465068423 75.05642803388692 2.9431447223475713 1.5032055377960205
-62.60439309429914 75.87535772141614 2.9693186824368807 1.535930871963501
-66.4560597023003 76.54554276752415 2.9925855397423957 1.5676393508911133
-70.0806370191332 77.08966360602801 3.01294490087312 1.599609613418579
-74.44252101512186 77.65392651609146 3.036211758178635 1.6355371475219727
-78.33037065399093 78.06515496934284 3.053663278830101 1.6691927909851074
-81.73800024502977 78.36556031017861 3.0652982821253616 1.7111616134643555
-86.6107060748551 78.73804333967685 3.0885651394308766 1.7521476745605469
-91.49075878027867 78.99706322996734 3.1060166600823425 1.7872488498687744
-95.64201399313241 79.14481059594358 3.126376021213067 1.8242363929748535
-99.79541671479572 79.2080162766857 3.140919406202249 1.8590810298919678
-103.94929939314336 79.21081286776959 -3.1335394762312827 1.891263484954834
-107.85871014437623 79.17932900900516 -3.121904472936022 1.9270524978637695
-111.76748997713808 79.10236230053873 -3.1102694696407616 1.965458869934082
-116.40778846093457 78.9569658229186 -3.1015430448947074 1.9986708164215088
-120.55834117118332 78.79064887896777 -3.0928166201486533 2.032773494720459
-124.70728451525072 78.58811924134136 -3.084090195402599 2.066267490386963
-128.85430255107786 78.34939233267242 -3.075363770656545 2.110886335372925
-133.9743211143099 78.00980256715616 -3.066637345910491 2.1593551635742188
-139.5785013898589 77.5889510585302 -3.057910921164437 2.2048048973083496
-144.44832261938987 77.1804820833469 -3.052093222626542 2.2380104064941406
-148.0988444814585 76.8528872922517 -3.049184348744437 2.2732560634613037
-152.47830866581057 76.44703253484128 -3.0433666502065417 2.310084819793701
-156.85533761022975 76.01570638695341 -3.0375489516686467 2.353182792663574
-160.98675841846614 75.58430027704105 -3.0346400777865417 2.3860433101654053
-164.87395693606288 75.1669618771644 -3.0288223792486466 2.421146869659424
-168.75866173622757 74.72701611824017 -3.0230046807107516 2.4532084465026855
-172.39811136392328 74.29338652969787 -3.0142782559646975 2.4891555309295654
-176.27600690279763 73.79698966750364 -3.0084605574268024 2.5220465660095215
-180.15094894596584 73.27804090576967 -3.0026428588889074 2.5611257553100586
-184.74877960612704 72.63502972786534 -2.9997339850068023 2.5929391384124756
-188.6190455193992 72.08228619259656 -2.9939162864689073 2.629802942276001
-192.96940335254263 71.4351298361086 -2.9880985879310122 2.6637322902679443
-197.07444933328674 70.80003407767927 -2.985189714048907 2.698209047317505
-200.93626693552397 70.19106079233048 -2.979372015511012 2.7327890396118164
-205.03561447255373 69.52016668962388 -2.976463141628907 2.763817310333252
-208.65094857553873 68.91768221979294 -2.973554267746802 2.793971538543701
-212.26451483400723 68.3046837628194 -2.970645393864697 2.8300580978393555
-216.83942076164888 67.51490790369382 -2.967736519982592 2.8668105602264404
-220.93068479803236 66.79636235121062 -2.964827646100487 2.897676467895508
-224.2982255041717 66.19482067267062 -2.964827646100487 2.9280529022216797
-227.90630483217814 65.55031173137775 -2.961918772218382 2.9694366455078125
-233.19538242886478 64.58964264846007 -2.956101073680487 3.002363443374634
-236.7977000920246 63.91367248175104 -2.953192199798382 3.0360653400421143
-240.6380586129739 63.181463436607515 -2.953192199798382 3.069370985031128
-244.95846194904186 62.35772826082105 -2.953192199798382 3.105405807495117
-248.55879806243183 61.671282280998994 -2.950283325916277 3.140286684036255
-252.87678698150472 60.8349830995461 -2.944465627378382 3.173112630844116
-256.47099576292203 60.11714506198027 -2.947374501260487 3.2120823860168457
-261.26603799294685 59.173971841645574 -2.947374501260487 3.24534273147583
-265.1020717769667 58.41943326537782 -2.947374501260487 3.2795960903167725
-268.9381055609865 57.66489468911006 -2.947374501260487 3.3230738639831543
-273.73314779101133 56.72172146877537 -2.947374501260487 3.3706772327423096
-279.24744635553986 55.63707226539047 -2.950283375142592 3.4059722423553467
-283.0856587646428 54.893695404151174 -2.950283375142592 3.4387001991271973
-287.1637594493147 54.10385748908442 -2.953192249024697 3.4771623611450195
-291.24414041612 53.325885579481536 -2.956101122906802 3.511777400970459
-295.3267671387467 52.55978625818397 -2.953192249024697 3.544828176498413
-299.1671256957399 51.827577402087144 -2.953192249024697 3.5769357681274414
-303.2475066625452 51.04960549248426 -2.950283375142592 3.610957622528076
-306.8458307960792 50.35268968507242 -2.947374501260487 3.64593243598938
-310.4421124685978 49.6453097698214 -2.944465627378382 3.676313877105713
-313.796707331254 48.97532760142662 -2.944465627378382 3.711224317550659
-317.39091611267133 48.25748956386079 -2.9415567534962768 3.7432074546813965
-321.22249528895935 47.48064680560537 -2.9415567534962768 3.781555414199829
-325.05407446524737 46.70380404734995 -2.9415567534962768 3.8168818950653076
-329.1251273400534 45.87840861670357 -2.9386478796141717 3.8532845973968506
-333.19376202334377 45.041174515436275 -2.9357390057320667 3.889728307723999
-337.25994408819815 44.19210882783899 -2.9328301318499617 3.9227511882781982
-340.8455573590077 43.432499925318794 -2.9299212579678566 3.957362174987793
-345.38451612253454 42.45712128221069 -2.9270123840857516 3.9899675846099854
-349.2043917526604 41.62463475043473 -2.9270123840857516 4.02381157875061
-353.26300960966915 40.740117810422774 -2.9241035102036466 4.061525106430054
-357.319037351 39.843798621766936 -2.9211946363215415 4.094769716262817
-360.89556967930014 39.04252169259821 -2.9182857624394365 4.126673221588135
-364.9463142507434 38.122620859181126 -2.9153768885573315 4.165266990661621
-369.94684853313646 36.97172199859613 -2.9124680146752264 4.210782527923584
-375.1819740974227 35.75078496631203 -2.9066503161373314 4.254063606262207
-379.6970079788693 34.67005410073189 -2.9037414422552263 4.286116361618042
-383.49647835699034 33.74890888905321 -2.9037414422552263 4.329236745834351
-388.2458163296416 32.59747737445486 -2.9037414422552263 4.361050367355347
-392.28275360639526 31.618760587046264 -2.9066503161373314 4.401625394821167
-395.84725403911625 30.76555200895668 -2.9037414422552263 4.4378440380096436
-400.359125113135 29.67169207008825 -2.9008325683731213 4.472851753234863
-404.1558999250992 28.73949859100136 -2.9008325683731213 4.506643533706665
-408.18997316281116 27.749043019471543 -2.8979236944910163 4.538895845413208
-412.22114822700416 26.746857044601228 -2.8950148206089112 4.576107501983643
-416.7233019231028 25.613665864290446 -2.892105946726806 4.6116039752960205
-420.51179736978884 24.648375283347633 -2.892105946726806 4.645941495895386
-424.3002928164749 23.68308470240482 -2.892105946726806 4.678690195083618
-427.85200729774306 22.77812478277093 -2.889197072844701 4.711256980895996
-431.8742832811885 21.740798874776747 -2.886288198962596 4.74396824836731
-435.4206728577762 20.81519140739973 -2.883379325080491 4.779336214065552
-438.9643549588131 19.879271870588727 -2.880470451198386 4.811222791671753
-442.97742555134994 18.806885025409123 -2.877561577316281 4.845846891403198
-446.98735973181925 17.722829217481294 -2.874652703434176 4.884223222732544
-451.22981556047847 16.562659760888632 -2.868835004896281 4.918715715408325
-454.75951102424335 15.575300583247945 -2.860108580150227 4.956281900405884
-458.9846451015142 14.353553205423953 -2.860108580150227 4.988339185714722
-462.5055901659066 13.335430390570627 -2.857199706268122 5.023425102233887
-466.4926212248187 12.169955182053318 -2.8542908323860168 5.083633899688721
-472.8195534205418 10.300494190343048 -2.8455644076399627 5.151787281036377
-480.06480199901137 8.090767565275986 -2.8310210226507806 5.188278436660767
-483.32199078537644 7.045347071644929 -2.8252033241128856 5.23594856262207
-488.8952223718395 5.220743578309924 -2.813568320817625 5.273645639419556
-492.36498835225 4.039916641887988 -2.799024935828443 5.3077216148376465
-496.047363207004 2.7266767231019635 -2.781573415176977 5.344146251678467
