0 0
0.0 0.0 0.0 0.08413338661193848
0.0 0.0 0.0 0.11820530891418457
0.7330382858376184 0.0 0.026173960089309403 0.14976239204406738
2.6871375035318508 0.05115819788911469 0.07268251106896695 0.17788195610046387
4.636745263575244 0.19311063986549687 0.1191910620486245 0.20765113830566406
7.062870229267979 0.48366025466805 0.17730320000207675 0.23469924926757812
9.70854031537051 0.9577240933689211 0.23251578725392255 0.2627570629119873
12.561788547362276 1.6333694017193334 0.2906279252073748 0.3066871166229248
16.77557467283396 2.8936991660736786 0.3776738704958274 0.34264373779296875
20.636713059528283 4.425482272519854 0.46183219922508484 0.3750152587890625
24.13667802111163 6.167529609105964 0.5315322795246981 0.4110422134399414
27.717456297549635 8.272945497092943 0.5983370094697972 0.45212697982788086
32.76487368793934 11.713761041562508 0.6940368893406105 0.5050170421600342
37.08476909255575 15.308542849452818 0.7781952180698679 0.5480928421020508
40.565145176723796 18.739138719564753 0.8421034755043664 0.5807161331176758
43.49390440472531 22.020418044847975 0.8944155824267511 0.6182940006256104
46.55299376825719 25.831451759892243 0.9525277203802034 0.661421537399292
49.66883487578298 30.21194957444469 1.0164359778147019 0.698948860168457
52.112684705966544 34.15924081806228 1.0716485650665477 0.7342431545257568
54.10105514602772 37.806312536508365 1.1152541374498766 0.769406795501709
55.821053352329656 41.31716568432529 1.1559559956332635 0.8027653694152832
57.396768250304824 44.89509891672594 1.1966578538166504 0.8349490165710449
58.825589805993914 48.534185700139616 1.2315502716739737 0.8689823150634766
60.045278327422366 51.990482580225226 1.257724231763283 0.9067001342773438
61.399857656761135 56.17492274190316 1.2926166496206064 0.9389598369598389
62.40634033661242 59.69921285875694 1.3187906097099158 0.9748058319091797
63.503024949514995 63.958521192977166 1.3478712301453748 1.0090105533599854
64.25931665549754 67.29471747826798 1.3711380874508896 1.04231595993042
64.98625009221004 70.8870977464444 1.391497448581614 1.0813367366790771
65.77062921507574 75.21481931994558 1.4147643058871289 1.116837978363037
66.34019873699805 78.8354848350534 1.429307690876311 1.1597790718078613
66.99488099202189 83.43166817554204 1.4496670520070354 1.1924080848693848
67.40823296941647 86.82744834235352 1.4671185726585012 1.2284808158874512
67.83812716618345 90.95902674606128 1.4816619576476833 1.2629821300506592
68.20789088309252 95.09642011871222 1.4962053426368653 1.2948365211486816
68.48102767399413 98.75142005114037 1.5107487276260474 1.3297739028930664
68.73030854361724 102.89781706233434 1.5252921126152295 1.3610641956329346
68.89703264809836 106.55921451215849 1.5398354976044115 1.3924777507781982
69.01805583451932 110.46687839785368 1.551470500899672 1.4288280010223389
69.10304996530033 114.86428679642981 1.568922021551138 1.461456537246704
69.11037762769274 118.77381745375708 1.5805570248463985 1.4987390041351318
69.06744851714231 123.17183765807657 1.592192028141659 1.5378923416137695
68.96812493002307 127.81335087894216 1.6067354131308411 1.5716092586517334
68.84520933821054 131.2319872380502 1.6125531116687362 1.6020359992980957
68.70240734291126 134.6498506625692 1.6183708102066312 1.6380729675292969
68.49324275859651 139.04310399043496 1.6241885087445262 1.682844877243042
68.21940331397603 144.1670598114051 1.6329149334905804 1.7204949855804443
67.96153576566365 148.31293166831597 1.6416413582366345 1.7544758319854736
67.66749985606121 152.4563954379491 1.6503677829826886 1.787438154220581
67.33731797600487 156.59713559551525 1.6590942077287427 1.822831630706787
66.99256248691476 160.49144263373915 1.6649119062666378 1.8554878234863281
66.67108273440681 163.89714866439618 1.6707296048045328 1.892859935760498
66.23228442830515 168.2734348379339 1.6765473033424279 1.9290568828582764
65.742242075022 172.89007524481173 1.6794561772245327 1.962573766708374
65.37126455917651 176.29074554362978 1.6852738757624277 1.9975454807281494
64.92468718671175 180.17469357438668 1.6852738757624277 2.029839038848877
64.50602090002604 183.81589485322127 1.6881827496445325 2.0648257732391357
64.04814751787458 187.6985274164617 1.6881827496445325 2.098867416381836
63.61889122210758 191.3384954444996 1.6910916235266373 2.1327433586120605
63.1204028597387 195.4623599523346 1.6940004974087421 2.167670249938965
62.63994917670626 199.3422630327837 1.6940004974087421 2.2029223442077637
62.18952384886335 202.97967217070473 1.696909371290847 2.2385427951812744
61.69778606570082 206.85816125897458 1.702727069828742 2.2827389240264893
61.02277622151374 211.94483728629677 1.7056359437108468 2.3185648918151855
60.497211675570135 215.81888756517353 1.7056359437108468 2.3544654846191406
59.97164712962653 219.69293784405028 1.7114536422487419 2.390516996383667
59.355041850497145 224.04773089951053 1.717271340786637 2.4274847507476807
58.74877502990425 228.15713349218098 1.7201802146687417 2.4617257118225098
58.1669228203682 232.02313034441403 1.7201802146687417 2.507460832595825
57.33051026916013 237.58050081949904 1.7230890885508465 2.5625429153442383
56.4037986609332 243.61845076290277 1.7259979624329513 2.611740827560425
55.53506906709958 249.17086118054686 1.7289068363150562 2.6474695205688477
54.91950234897288 253.03163328865588 1.7347245348529512 2.6846015453338623
54.241609304973835 257.12982925118575 1.737633408735056 2.7164111137390137
53.673529415487444 260.50317596293763 1.737633408735056 2.752779483795166
52.90256385118448 265.08128935745805 1.7405422826171608 2.7842037677764893
52.32467373880706 268.4529693269306 1.7405422826171608 2.8174636363983154
51.70550576125982 272.06548357993694 1.7434511564992656 2.8484692573547363
51.033853823628505 275.91689466289006 1.7434511564992656 2.885941743850708
50.40418013209914 279.52759255315857 1.7463600303813704 2.918617010116577
49.72132778276417 283.37703359365076 1.7463600303813704 2.9516448974609375
49.12383197709607 286.7452945040814 1.7463600303813704 2.987427234649658
48.31294481226079 291.3165057396659 1.7492689042634753 3.0245254039764404
47.61889782920551 295.16394416549286 1.7492689042634753 3.061807155609131
46.881472909709274 299.251847492934 1.75217777814558 3.1017301082611084
46.08808269763235 303.57792615582446 1.75217777814558 3.1326797008514404
45.426924187568254 307.18299170823315 1.7492689042634753 3.1677892208099365
44.68949926807202 311.2708950356743 1.75217777814558 3.202737331390381
43.984263524003644 315.11629829157687 1.75217777814558 3.236093759536743
43.323105013939546 318.72136384398556 1.7550866520276849 3.26802921295166
42.60668647623945 322.56469939192533 1.7550866520276849 3.3046019077301025
41.8454917799331 326.64824341161136 1.7579955259097897 3.3355636596679688
41.16337121493925 330.24940152358124 1.7550866520276849 3.36979079246521
40.40217651863289 334.3329455432673 1.7579955259097897 3.4041571617126465
39.674581249306115 338.1741808627018 1.7579955259097897 3.4371156692504883
39.03793538864518 341.535261767207 1.7579955259097897 3.471956729888916
38.310340119318404 345.3764970866415 1.7579955259097897 3.511936902999878
37.49179544132578 349.69788682100534 1.7579955259097897 3.5458056926727295
36.809674876331925 353.2990449329752 1.7609043997918945 3.5827019214630127
35.93239043613537 357.8579792564128 1.7579955259097897 3.6182079315185547
35.15932046247567 361.939291783312 1.7609043997918945 3.650193929672241
34.42055461809963 365.77839437147 1.7609043997918945 3.6849660873413086
33.72796163899709 369.37755304786805 1.7638132736739993 3.7200984954833984
32.931160835149 373.45429900578415 1.7609043997918945 3.750769853591919
32.19239499077296 377.2934015939421 1.7609043997918945 3.784823179244995
31.453629146396917 381.1325041821001 1.7667220983297895 3.8209149837493896
30.692541188452935 384.9672439093163 1.7667220983297895 3.852764844894409
29.97902122788045 388.56231240358153 1.7696309722118944 3.892184257507324
29.158516762890155 392.6343538509798 1.7725398460939992 3.9277923107147217
28.326170730957454 396.70399132986216 1.775448719976104 3.960923194885254
27.481990175012672 400.7711904048231 1.7783575938582088 3.994258165359497
26.625982238124443 404.83591666108964 1.7812664677403136 4.025094985961914
25.758154163439276 408.8981357048127 1.7841753416224184 4.06029200553894
24.930256874668437 412.71900860697315 1.7841753416224184 4.10025429725647
23.947128844253065 417.25629517828867 1.7870842155045232 4.1310811042785645
23.160558649398368 420.83609063908807 1.789993089386628 4.161572694778442
22.36357862350782 424.4135829243244 1.7929019632687329 4.198594808578491
21.448544428494557 428.46542960804214 1.7958108371508377 4.231407642364502
20.630765059596666 432.03822474860067 1.7987197110329425 4.26155948638916
19.747385107730118 435.8466527072022 1.7987197110329425 4.308582782745361
18.643160167896934 440.6071876554542 1.8045374095708375 4.361915826797485
17.171688277333377 446.7874271433172 1.8045374095708375 4.4189605712890625
15.87000160491177 452.2545620748883 1.8074462834529423 4.452358245849609
14.896134912269748 456.29267212680134 1.8103551573350471 4.504629850387573
13.620641030379854 461.51477345365316 1.8161728558729422 4.537075042724609
12.73028689159006 465.0701774700954 1.819081729755047 4.5778443813323975
11.58940962459807 469.5703896002165 1.8278081545011011 4.618672132492065
10.347194790736065 474.296795001556 1.8394431577963617 4.6648077964782715
9.11492959835221 478.77284601222016 1.8539865427855438 4.7116217613220215
7.681149608338686 483.69973004139325 1.8685299277747258 4.745378255844116
6.605950030766354 487.20366698160524 1.8830733127639079 4.778988838195801
5.4799068514218305 490.69159687924446 1.89761669775309 4.815385580062866
4.303258235552933 494.1627820150976 1.9237906578423993 4.848328590393066
3.036168355811911 497.60198416810516 1.955777447184545 4.883504390716553
