0 0
0.0 0.0 0.0 0.0903780460357666
0.24434609527920614 0.0 -0.002908873882104836 0.1340951919555664
2.4434516488414713 -0.006396938751425674 -0.005817747764209671 0.1816251277923584
6.8416069324199125 -0.031984585501205545 -0.011635446302104734 0.21300196647644043
10.017891150507388 -0.06894373786387006 -0.014544320184209569 0.2411048412322998
12.705413917934807 -0.10803468593177337 -0.017453194066314407 0.2686638832092285
15.392811604592286 -0.15494312237565405 -0.020362067948419244 0.29726147651672363
18.32435691334978 -0.21464369826894786 -0.020362067948419244 0.3236265182495117
21.500197664503734 -0.2793193221533495 -0.023270941830524076 0.357973575592041
25.408676657651192 -0.37028973131433424 -0.023270941830524076 0.39139485359191895
29.072875713726933 -0.45557448990275745 -0.02036206794841924 0.42323827743530273
32.98160279207026 -0.5351752577604825 -0.02036206794841924 0.45795106887817383
36.89032987041359 -0.6147760256182075 -0.02036206794841924 0.4911339282989502
40.55476150636046 -0.6894017454848248 -0.023270941830524076 0.528648853302002
45.684640184866495 -0.8088004075086173 -0.02617981571262891 0.5629823207855225
49.59283802106168 -0.9111396882229879 -0.02617981571262891 0.5977339744567871
53.989560586781266 -1.0262713790266549 -0.02617981571262891 0.6275527477264404
57.89775842297645 -1.1286106597410255 -0.02617981571262891 0.6603996753692627
61.317431529647244 -1.2181575303660999 -0.02617981571262891 0.6951649188995361
65.46989173060463 -1.3268930161251187 -0.029088689594733742 0.727553129196167
69.13353261485356 -1.4334935970498437 -0.03199756347683858 0.7635219097137451
73.285289951472 -1.5663850724476214 -0.034906437358943415 0.7955522537231445
77.43664315896056 -1.7113529070617817 -0.03781531124104825 0.8279311656951904
80.85504288373524 -1.8406824094446719 -0.03781531124104825 0.8588371276855469
84.76178542633487 -1.988487555025118 -0.03781531124104825 0.8915884494781494
88.6685279689345 -2.136292700605564 -0.03781531124104825 0.9214115142822266
91.84275628479669 -2.256384381389676 -0.034906437358943415 0.98199462890625
99.9012654522745 -2.537792530934811 -0.03199756347683858 1.0388453006744385
106.0067909473016 -2.7332211712256607 -0.029088689594733742 1.0875086784362793
110.64740273401692 -2.868248573730312 -0.031997563476838575 1.1338155269622803
116.50870720924293 -3.055860068409528 -0.031997563476838575 1.1749894618988037
121.14890658546352 -3.2043858350305734 -0.03490643735894341 1.210484504699707
125.30025979295209 -3.3493536696447337 -0.03781531124104824 1.2444846630096436
128.96283092663924 -3.487920993626402 -0.04072418512315308 1.2807681560516357
133.1132704990451 -3.6570377645451373 -0.043633059005257914 1.3115854263305664
137.0190870394533 -3.827568723293096 -0.043633059005257914 1.3458251953125
140.9249035798615 -3.9980996820410546 -0.043633059005257914 1.383019208908081
145.56306072159626 -4.200605195554256 -0.04072418512315308 1.4144542217254639
148.9810697812246 -4.339877830428509 -0.04072418512315308 1.4455575942993164
152.6432223451121 -4.489098510650922 -0.03781531124104824 1.4780328273773193
156.30579347879925 -4.62766583463259 -0.04072418512315308 1.5108518600463867
160.21208954694592 -4.786834560203165 -0.04072418512315308 1.54127836227417
163.87424211083342 -4.936055240425578 -0.04363305900525792 1.573970079421997
167.78005865124163 -5.106586199173536 -0.04363305900525792 1.609818935394287
172.17410225920088 -5.29843352776499 -0.04363305900525792 1.6418585777282715
176.0799187996091 -5.468964486512949 -0.04363305900525792 1.6723945140838623
179.7416218062418 -5.62883726033916 -0.04072418512315308 1.7117629051208496
183.89206137864764 -5.797954031257896 -0.03781531124104825 1.7453184127807617
188.04297533015975 -5.954996998437119 -0.034906437358943415 1.7834501266479492
192.68272303264698 -6.117019872417651 -0.03199756347683858 1.815523386001587
196.8344803692654 -6.249911347815429 -0.02908868959473375 1.8498337268829346
200.74236397913094 -6.363618634135135 -0.02908868959473375 1.8853788375854492
204.89449031461308 -6.4844326258498235 -0.03199756347683858 1.9175550937652588
208.55780561162933 -6.601689810024333 -0.03490643735894342 1.9552769660949707
212.95335606661723 -6.75518516432168 -0.03490643735894342 1.9886655807495117
216.86051202660647 -6.891625479252654 -0.03490643735894342 2.023055076599121
220.27927349159705 -7.011010754817256 -0.03490643735894342 2.0555949211120605
223.69803495658763 -7.130396030381859 -0.03490643735894342 2.0974974632263184
228.5819799065742 -7.300946424045577 -0.03490643735894342 2.1346919536590576
232.9775303615621 -7.4544417783429235 -0.03490643735894342 2.1653993129730225
236.640489074052 -7.582354573590712 -0.03199756347683858 2.228443145751953
243.23445660868126 -7.79341750510483 -0.03490643735894341 2.2719662189483643
247.63000706366915 -7.946912859402176 -0.03490643735894341 2.311002016067505
252.02555751865705 -8.100408213699522 -0.03490643735894341 2.3444833755493164
255.9327134786463 -8.236848528630496 -0.03490643735894341 2.3755693435668945
259.8398694386355 -8.37328884356147 -0.029088738821048343 2.4138545989990234
263.74775304290364 -8.486996322251885 -0.029088738821048343 2.4471676349639893
267.89987937243853 -8.60781051836045 -0.02617986493894351 2.4789466857910156
271.5638148391486 -8.703753774392213 -0.023270991056838674 2.5147085189819336
276.20513363819344 -8.811781363745903 -0.020362117174733838 2.549755334854126
280.35815615476986 -8.89635738403273 -0.017453243292629005 2.586487054824829
285.0000248822806 -8.97738127548334 -0.01454436941052417 2.6210825443267822
288.9091489048306 -9.034241028741151 -0.01454436941052417 2.654086112976074
292.5739526759712 -9.08754704742035 -0.011635495528419332 2.687819242477417
296.7275551126295 -9.135878451130374 -0.008726621646314497 2.723583936691284
300.88128056610816 -9.172127361755832 -0.005817747764209662 2.7577226161956787
305.0350938894878 -9.196293472575068 -0.0029088738821048277 2.787490129470825
308.7002698120916 -9.206955037160776 9.540979117872439e-18 2.8235232830047607
312.85415343183814 -9.206955037160776 0.0029088738821048442 2.8558318614959717
316.51932935444194 -9.196293472575068 0.0058177477642096815 2.8885698318481445
320.18445875742395 -9.174970433616918 0.0029088738821048442 2.9200046062469482
323.6052896185208 -9.165019640003589 0.0029088738821048442 2.961256742477417
328.0035007256454 -9.152225762500738 -0.002908824655790219 2.998633861541748
332.15736677185777 -9.164308664551692 4.922631461571486e-08 3.0289645195007324
336.06690429632505 -9.164308472099568 4.922631461571486e-08 3.067225456237793
340.70948010662994 -9.16430824356267 0.0029089231084194504 3.1073150634765625
345.10769121312467 -9.151514149552096 0.008726621646314513 3.1416378021240234
349.26141666660334 -9.115265238926638 0.011635495528419347 3.1857197284698486
354.6366668787494 -9.05271871647837 0.011635495528419347 3.2194814682006836
358.79026931540767 -9.004387312768346 0.014544369410524182 3.254347085952759
362.69939333795764 -8.947527559510535 0.014544369410524182 3.2846343517303467
366.36419710909826 -8.894221540831337 0.011635495528419346 3.321394205093384
370.273469990659 -8.84873316086896 0.011635495528419346 3.356499433517456
374.4270724273173 -8.800401757158935 0.008726621646314511 3.3980865478515625
379.06947146355816 -8.759888268812835 0.011635495528419346 3.433075428009033
382.9787443451189 -8.714399888850458 0.011635495528419346 3.465343713760376
386.88801722667966 -8.668911508888081 0.011635495528419346 3.499776601791382
390.7972901082404 -8.623423128925705 0.011635495528419346 3.5331783294677734
394.9508925448987 -8.57509172521568 0.01454436941052418 3.5658504962921143
398.6156963160393 -8.521785706536482 0.01745324329262902 3.6010873317718506
402.2803295219689 -8.457819476443895 0.020362117174733855 3.6336870193481445
406.18905659639375 -8.378218516173941 0.020362117174733855 3.667105197906494
410.0977836708186 -8.298617555903988 0.020362117174733855 3.7004404067993164
414.0065107452435 -8.219016595634034 0.02617981571262892 3.7353262901306152
418.15897094620084 -8.110281109875016 0.034906240458683103 3.7706310749053955
422.5545214314119 -7.956786621062702 0.04072393899657817 3.8077540397644043
427.193248058857 -7.767774901161536 0.043632812878683 3.8417017459869385
431.58729171403485 -7.575928654060991 0.049450511416578066 3.8797664642333984
435.4920501126966 -7.382678807233976 0.05526820995447313 3.911473274230957
439.395618169058 -7.166715651644366 0.061085908492368196 3.945045232772827
443.5417541145608 -6.913129674492219 0.06399478237447304 3.9815611839294434
447.68713487012775 -6.647484200649181 0.07272120712052722 4.013447999954224
451.3426391180991 -6.381181918163263 0.07563008100263206 4.04756760597229
454.99735326180854 -6.104247376504209 0.0785389548847369 4.084609031677246
459.382024999728 -5.7591700274572535 0.0785389548847369 4.114768028259277
463.0359181146609 -5.471605569918124 0.08144782876684174 4.148064374923706
466.9324953611557 -5.153534167058739 0.08726552730473681 4.199515342712402
473.5047355835914 -4.578543847659942 0.09599195205079099 4.2350780963897705
477.3962748062882 -4.203835783388266 0.10180965058868606 4.271203279495239
481.7717299272446 -3.7568267111856164 0.10762734912658112 4.3176679611206055
487.60210396300664 -3.126884787392543 0.11926235242184174 4.361335277557373
492.21170203066714 -2.574511897897678 0.13380573741102378 4.393791675567627
495.60196966202375 -2.1181478038875303 0.1454407407062844 4.431863307952881
