0 0
0.0005134187256029438 8.4704769514762913e-06
0.0020168178793034375 0.00012417075938698
0.0045324977809521822 0.00058287440329078113
0.0081314546895104173 0.0017307186136289224
0.012799217653738126 0.0039752844077922227
0.018383251338608925 0.0077055783226839579
0.024610604918707493 0.013213554679693769
0.03114589954283771 0.020649034346962299
0.03765533698699873 0.030015715704716863
0.043853785149215355 0.04119746376219971
0.049526832230175094 0.053998097303441947
0.054532099177453948 0.068180028774208756
0.058787650608476336 0.083494719017052438
0.062255731284995661 0.099704112644487614
0.064926603538462885 0.116591948433272
0.066805806055226249 0.13396969829565469
0.067905175968571943 0.1516781511311304
0.068237460193907917 0.16958540454175647
0.067813478644368527 0.18758494297620074
0.066641222425100691 0.20559241959875402
0.064726967866014076 0.22353535753509843
0.062113325625228435 0.24120870054872609
0.058923634644894932 0.25833372570203411
0.055327944762047152 0.2747315780111248
0.051505999281865285 0.29030545085518272
0.047622600835883967 0.30501572430884388
0.043812888069241121 0.3188595434870799
0.040177002306303701 0.33185509396321516
0.036780634139121048 0.34403121258960639
0.03365922234516807 0.35542149092188585
0.030823666305078615 0.36606083795687633
0.028266987545435655 0.37598460419074026
0.025970295320775005 0.38522805753285316
0.023907964194402997 0.39382641821025793
0.022051800429781367 0.40181476666278942
0.020373827197631023 0.40922817387929566
0.018848446689378236 0.41610125100665873
0.017453440442557543 0.42246797894583316
0.016170360674447139 0.42836142553706652
0.014984364993856719 0.43381369032087863
0.013883982865479746 0.43885531398439909
0.012860377864205685 0.44351558846182682
0.011906857907100553 0.44782217409839004
0.0110182733726888 0.45180113933544785
0.010190528877000022 0.45547696624530237
0.0094201995679843234 0.45887253403381378
0.0087042426074265076 0.46200913348267164
0.0080397981210631776 0.46490652104069596
0.0074240687596415084 0.46758298714610413
0.0068542615077022443 0.47005543376069681
0.0063275701539316801 0.47233946868557863
0.0058411898931980928 0.47444948695225453
0.005392347789515862 0.47639875281029481
0.0049783299042310209 0.47819951989679332
0.0045965214519140324 0.47986308157030977
0.0042444304866332177 0.48139986731996626
0.0039197083216824524 0.48281951437475684
0.0036201649651076344 0.4841309226062061
0.0033437727236087173 0.4853423212059314
0.0030886683683335595 0.48646131027916895
0.0028531440660645086 0.48749492284391061
0.0026356418267171142 0.48844965459686085
0.0024347414686610612 0.48933150679756521
0.0022491434741058335 0.49014604444313303
0.0020776641211119524 0.4908983983889752
0.001919221717005771 0.49159330491115877
0.0017728234529491469 0.49223514516389022
0.0016375563967965287 0.49282796950501012
0.0015125788463155581 0.49337552377722049
0.0013971157393422987 0.49388126080889649
0.0012904479519652466 0.49434838227386091
0.0011919111876696421 0.49477984035964945
0.0011008898653037333 0.49517836368691232
0.001016813698464329 0.49554647264336654
0.00093915962285636724 0.49588647211722092
0.00086743900331641129 0.49620050944984756
0.00080119953940379002 0.49649056763019866
0.00074002274146664168 0.49675847799052097
0.00068352158874186014 0.49700593188176845
0.00063133833229866293 0.49723449143002857
0.00058314242321146645 0.49744559944767819
0.00053862862803840143 0.49764058824980673
0.00049751511215950133 0.49782068837386589
0.00045954118257598899 0.4979870386023697
0.00042446672380297602 0.49814068845552051
0.00039207006167695153 0.49828260745808151
0.00036214680482371276 0.4984136900844065
0.00033450771834573809 0.4985347649221934
0.00030897834091453625 0.49864659620655322
0.00028539758847597038 0.49874988980423535
0.00026361671214790422 0.49884529767108837
0.00024349602091943546 0.49893343212786856
0.00022491115339166116 0.49901483832519078
0.00020774517722823481 0.49909002882149694
0.00019188984365123068 0.49915947807028266
0.0001772450974949417 0.49922362456039271
0.00016371860444824399 0.49928287289084056
0.00015122481863090079 0.49933759786548976
0.00013968490633311517 0.4993881448383502
0.00012902604648085857 0.49943483279111012
0.00011918101167922745 0.499477956180089
0.00011008762119400828 0.49951778734218893
0.00010168847352651559 0.49955457767416894
9.3930551417008507e-05 0.49958855936850316
8.6764887371645631e-05 0.49961994688215783
8.0146254665037608e-05 0.49964893829213153
7.4032898631144783e-05 0.49967571647327075
6.8386248221728713e-05 0.49970045036154997
6.3170640072511493e-05 0.49972329616205552
5.8353182390347652e-05 0.49974439794418946
5.3903508253045081e-05 0.4997638887212445
4.9793523298096766e-05 0.49978189155451425
4.5997265802509682e-05 0.49979852016525861
4.2490792407728513e-05 0.49981387943452288
3.925198047011028e-05 0.49982806626833803
3.6260380244767038e-05 0.49984117024481645
3.3497109447390754e-05 0.49985327407577257
3.0944659152721318e-05 0.49986445445683236
2.858681363874196e-05 0.49987478241851935
2.6408767975654819e-05 0.49988432281123057
2.4401900675099053e-05 0.49989311339993764
2.2543185092179899e-05 0.49990125504741856
2.0828483445765778e-05 0.49990876587830374
1.9241735402038373e-05 0.49991571624079595
1.7779399572867686e-05 0.49992212164692001
1.6425186646960595e-05 0.49992805344773888
1.5176314195633793e-05 0.49993352383079043
1.4019551258732375e-05 0.49993859075084085
1.2953712090458454e-05 0.49994325940159506
1.1966740513268736e-05 0.49994758259206579
1.1056681343584627e-05 0.499951568886362
1.0214561681831548e-05 0.49995525758803422
9.4394734687142189e-06 0.4999586526745754
8.7221026148798337e-06 0.49996179494409221
8.0603816787698739e-06 0.49996469345251238
7.4489663001467589e-06 0.49996737160952964
6.8821796578587518e-06 0.49996985428110619
6.3598001452779366e-06 0.49997214243795901
5.8773985221757951e-06 0.49997425548132868
5.4307227551499553e-06 0.49997621203623105
5.0186797583202652e-06 0.4999780168906775
4.6389967689178162e-06 0.49997967999995713
4.2881405166008188e-06 0.49998121684070052
3.9638432741405763e-06 0.49998263734613474
3.6640981375677481e-06 0.49998395030701537
3.3870495851565958e-06 0.499985163851006
3.1303975452907047e-06 0.4999862880530182
2.893446639164808e-06 0.49998732595900869
2.6741223841202251e-06 0.4999882866557519
2.4718487841481407e-06 0.49998917266626292
2.2849034133705362e-06 0.49998999153520501
2.1125903466330405e-06 0.49999074631089985
1.9529969856222386e-06 0.49999144537101298
1.805588790470333e-06 0.49999209105695619
1.669443564640681e-06 0.49999268740818142
1.5434197286763345e-06 0.49999323942510454
1.4268883168761673e-06 0.49999374986275957
1.3191907100686893e-06 0.49999422160607082
1.2197982630134741e-06 0.49999465697063955
1.127821765619051e-06 0.49999505985143239
1.0426358244900568e-06 0.49999543298783644
9.6409427630275689e-07 0.49999577702007625
8.9171070411462415e-07 0.49999609407877504
8.2432695179152712e-07 0.49999638923696293
7.6209360255002429e-07 0.49999666183504837
7.045656238040957e-07 0.49999691382239253
6.5128599813444937e-07 0.49999714720085559
6.0208877912292913e-07 0.49999736269732487
5.5697551938811224e-07 0.4999975603049932
5.1540770514897422e-07 0.49999774238268702
4.7709363612478219e-07 0.49999791020812889
4.4114697106043525e-07 0.49999806766372606
4.0828902647925878e-07 0.49999821158992619
3.7739210147199468e-07 0.49999834692635703
3.488721310654869e-07 0.49999847185111934
3.2273223499232222e-07 0.49999858635054734
2.9856002772321636e-07 0.4999986922309933
2.7659284741201003e-07 0.49999878845285406
2.5624194774534833e-07 0.49999887759498973
2.370818342244724e-07 0.4999989615211759
2.1963803906210237e-07 0.49999903792944672
2.0326211940925055e-07 0.49999910966014888
1.8805145393824788e-07 0.49999917628673912
1.7396282291218315e-07 0.49999923799853302
1.6087185513388514e-07 0.49999929534030679
1.4876515855375691e-07 0.49999934837072174
1.3754512768674294e-07 0.49999939751731565
1.2713760072679677e-07 0.49999944310493588
1.176126384139395e-07 0.4999994848266987
1.087435828992869e-07 0.49999952367542272
1.005473595292323e-07 0.4999995595769704
9.2967543747768136e-08 0.49999959277849537
8.5962779677527989e-08 0.49999962346114701
7.9485307058668985e-08 0.49999965183412737
7.3500692337616426e-08 0.49999967804826417
6.7972054007230887e-08 0.49999970226510787
6.28577017416336e-08 0.49999972466727283
5.8132088880617171e-08 0.49999974536665998
5.3764605032988302e-08 0.49999976449735078
4.9722075299813288e-08 0.49999978220465974
4.5978945742868432e-08 0.49999979860051963
4.2510965985020373e-08 0.49999981379115349
3.9300867401292761e-08 0.49999982785220215
3.6341002916383857e-08 0.49999984081716198
3.361047308411772e-08 0.49999985277757758
3.1066527437838167e-08 0.49999986392070711
2.8748742805591118e-08 0.49999987407319402
2.65853157629969e-08 0.49999988354955532
2.4584812902914266e-08 0.49999989231226721
2.2731198694612052e-08 0.49999990043156933
2.1017911874079846e-08 0.49999990793620164
1.9431897201280977e-08 0.49999991488334955
1.7968197082685555e-08 0.49999992129472848
1.6612505842956603e-08 0.49999992723300096
1.5349501877486252e-08 0.49999993276527971
1.4182906736926269e-08 0.49999993787526392
1.3116326662905244e-08 0.49999994254715724
1.213153507928187e-08 0.49999994686079618
1.1228930604679172e-08 0.49999995081443449
1.0382630805322612e-08 0.49999995452144391
9.605748019719358e-09 0.49999995792438873
8.8827924682694767e-09 0.49999996109111827
8.2120165106073585e-09 0.49999996402928765
7.5991681591192979e-09 0.49999996671371916
7.031987441887e-09 0.49999996919811457
6.5031052551769645e-09 0.49999997151475262
6.0129489490608415e-09 0.49999997366176141
5.5603714165626018e-09 0.49999997564416554
5.1362612425206579e-09 0.49999997750187547
4.7501184517625855e-09 0.49999997919327899
4.3931318061378057e-09 0.49999998075697144
4.0623217246629725e-09 0.49999998220600389
3.7563013520198534e-09 0.49999998354645114
3.4733172665491152e-09 0.4999999847859935
3.2121162061684582e-09 0.49999998593012052
2.9703123890124638e-09 0.49999998698928261
2.7469505487011148e-09 0.49999998796766409
2.538898554194364e-09 0.49999998887898434
2.3467460700708394e-09 0.49999998972066084
2.1690080753086765e-09 0.49999999049919808
2.0044230913427456e-09 0.4999999912201219
1.8521195042677501e-09 0.49999999188724997
1.7115549817800472e-09 0.49999999250295812
1.5814353618616114e-09 0.49999999307291476
1.4612444248021055e-09 0.4999999935993813
1.3500837784986852e-09 0.49999999408629286
1.2474547747900948e-09 0.4999999945358336
1.1525574106642904e-09 0.49999999495150782
1.0649519583053408e-09 0.49999999533524186
9.8400033786400519e-10 0.4999999956898305
9.0975131064616737e-10 0.49999999601505996
8.4077870554862742e-10 0.49999999631717723
7.769222253152185e-10 0.49999999659688454
7.1790858149405459e-10 0.49999999685537916
6.6335604355899619e-10 0.49999999709433302
6.131128490486377e-10 0.49999999731441086
5.6630741082878888e-10 0.49999999751943031
5.2334210071194342e-10 0.4999999977076291
4.835916383438334e-10 0.49999999788174609
4.4690845959956556e-10 0.49999999804242762
4.130159007208535e-10 0.49999999819088559
3.8164635299446138e-10 0.49999999832829206
3.5284709009299949e-10 0.4999999984544401
3.2614196851563914e-10 0.49999999857141525
3.0156195157643594e-10 0.4999999986790819
2.7867533696665304e-10 0.4999999987793311
2.575403097119707e-10 0.49999999887190788
2.3795860995591917e-10 0.4999999989576806
2.1993505138976017e-10 0.49999999903662828
2.0324690436483511e-10 0.49999999910972653
1.878287369721448e-10 0.49999999917726212
1.736617896265908e-10 0.49999999923931693
1.6048432850166055e-10 0.49999999929703753
1.4834379137271052e-10 0.49999999935021622
1.3712611558514246e-10 0.49999999939935252
1.2675107511263704e-10 0.49999999944479784
1.1722436160017339e-10 0.49999999948652729
1.0841104560055902e-10 0.49999999952513191
1.0019295030256668e-10 0.49999999956112934
9.2677912285798728e-11 0.49999999959404717
8.5628772925108879e-11 0.49999999962492425
7.9150289461979259e-11 0.49999999965330172
7.3147358824862207e-11 0.49999999967959607
6.7629004401705463e-11 0.49999999970376791
6.2493036210912332e-11 0.49999999972626469
5.7722275124490227e-11 0.49999999974716181
5.3350014703332388e-11 0.49999999976631332
4.9287868643541065e-11 0.49999999978410664
4.552544684481289e-11 0.49999999980058696
4.2072747617404384e-11 0.49999999981571075
3.8884119159072692e-11 0.4999999998296778
3.5926851905224907e-11 0.49999999984263149
3.3193282755033776e-11 0.49999999985460525
3.0675194784834667e-11 0.49999999986563509
2.8345608958578817e-11 0.49999999987583937
2.6199181755763024e-11 0.49999999988524119
2.4209457307352553e-11 0.49999999989395666
2.2382823375188523e-11 0.4999999999019577
2.0685402902452869e-11 0.49999999990939292
1.9114243730836537e-11 0.49999999991627503
1.7663023086966574e-11 0.49999999992263172
1.632526224989974e-11 0.49999999992849148
1.5080726306949959e-11 0.49999999993394278
1.3935348690728183e-11 0.49999999993895972
1.2875820300300077e-11 0.4999999999436005
1.1901600874266884e-11 0.49999999994786776
1.0999521781592378e-11 0.49999999995181915
1.0162963837480407e-11 0.49999999995548344
9.3891797178551839e-12 0.49999999995887273
8.6747801446495543e-12 0.49999999996200201
8.0155185360058954e-12 0.4999999999648897
7.4036480436762728e-12 0.49999999996756972
6.8410052406582247e-12 0.49999999997003408
6.3221119799838189e-12 0.49999999997230704
5.8419407767729026e-12 0.4999999999744103
5.3983567476740273e-12 0.49999999997635319
4.988431858968851e-12 0.49999999997814876
4.6095428149772159e-12 0.49999999997980832
4.2589541554289226e-12 0.49999999998134415
3.9352658472215275e-12 0.49999999998276207
3.6358518856992274e-12 0.49999999998407352
3.3591202303246574e-12 0.49999999998528577
3.1036622726685044e-12 0.49999999998640471
2.866775156493403e-12 0.49999999998744238
2.6482552080939465e-12 0.49999999998839967
2.4462990233927081e-12 0.49999999998928407
2.259757830378681e-12 0.49999999999010125
2.088107474626048e-12 0.49999999999085315
1.9295197595774823e-12 0.49999999999154787
1.7826483075807683e-12 0.49999999999219114
1.6469506167417074e-12 0.49999999999278577
1.521523580130339e-12 0.49999999999333516
1.4058183070016618e-12 0.49999999999384198
1.2986727702278611e-12 0.49999999999431127
1.1997535694923763e-12 0.49999999999474476
1.1081683265900101e-12 0.49999999999514599
1.0235670795972166e-12 0.49999999999551664
9.4542291244778977e-13 0.49999999999585887
8.7339313250219894e-13 0.49999999999617428
8.0671567249520769e-13 0.49999999999646649
7.4512902750592935e-13 0.49999999999673628
6.8832469415354612e-13 0.4999999999969853
6.3577713587990367e-13 0.49999999999721545
5.8729312398189879e-13 0.49999999999742784
5.4245908493145099e-13 0.49999999999762412
5.010493657146035e-13 0.49999999999780548
4.6285721278607344e-13 0.49999999999797323
4.2752045903989355e-13 0.49999999999812805
3.9488361077228036e-13 0.49999999999827088
3.6473759101085925e-13 0.49999999999840283
3.3693058990959514e-13 0.49999999999852451
3.1120442076611391e-13 0.4999999999986372
2.8744277237271102e-13 0.49999999999874123
2.6549535110853604e-13 0.49999999999883737
2.4522649517458233e-13 0.49999999999892619
2.264911755690913e-13 0.49999999999900824
2.0918976697681788e-13 0.49999999999908407
1.9321735105177648e-13 0.49999999999915412
1.7846129697483154e-13 0.49999999999921868
1.6483622259567189e-13 0.49999999999927858
1.5224970754703083e-13 0.49999999999933387
1.4062508562736762e-13 0.49999999999938466
1.2988823983889037e-13 0.4999999999994319
1.1997015943997918e-13 0.49999999999947536
1.108155856807091e-13 0.49999999999951544
1.0235913588367231e-13 0.49999999999955236
9.4546258514813647e-14 0.49999999999958666
8.7330824969229037e-14 0.49999999999961847
8.0665253602785911e-14 0.49999999999964806
7.4509220485418128e-14 0.49999999999967515
6.8822819364123219e-14 0.49999999999969991
6.3570809493547228e-14 0.49999999999972328
5.872240489185669e-14 0.49999999999974404
5.4247340918034356e-14 0.49999999999976358
5.0109763966783761e-14 0.49999999999978112
4.6285545394112685e-14 0.49999999999979833
4.2751411387655973e-14 0.49999999999981304
3.9485221273528355e-14 0.49999999999982808
3.6469226391401248e-14 0.49999999999984091
3.3683918702201919e-14 0.49999999999985306
3.1128126904225639e-14 0.49999999999986383
2.8776461573935586e-14 0.499999999999867
2.657610865171984e-14 0.49999999999987016
2.4511347187505761e-14 0.49999999999987271
2.2574520714059835e-14 0.49999999999987271
2.0758701329383161e-14 0.49999999999987271
1.9063232631044139e-14 0.49999999999987271
1.7490095683299804e-14 0.49999999999987271
1.6041536429129429e-14 0.49999999999987271
1.4718443384689259e-14 0.49999999999987271
1.3518673315198282e-14 0.49999999999987271
1.2437061612363751e-14 0.49999999999987271
1.1465979964935874e-14 0.49999999999987271
1.0595811315387744e-14 0.49999999999987271
9.8154272775085492e-15 0.49999999999987271
9.1132770989432453e-15 0.49999999999987271
8.4780350742123114e-15 0.49999999999987271
7.8993910344355635e-15 0.49999999999987271
7.3680506169236241e-15 0.49999999999987271
6.8761606027182419e-15 0.49999999999987271
6.4174700092248319e-15 0.49999999999987271
5.9871973369297561e-15 0.49999999999987271
5.5818708234205537e-15 0.49999999999987271
5.1991420750462895e-15 0.49999999999987271
4.8375315344291574e-15 0.49999999999987271
4.4961874332954513e-15 0.49999999999987271
4.175447184741731e-15 0.49999999999987976
3.8784403914403219e-15 0.4999999999998877
3.6059141340974898e-15 0.49999999999989508
3.3565426291684702e-15 0.49999999999990236
3.1275377019433229e-15 0.49999999999990902
2.9153468487582167e-15 0.49999999999991529
2.7175636498504857e-15 0.49999999999992145
2.5324103684059346e-15 0.49999999999992722
2.3582113513462454e-15 0.49999999999993217
2.1937869283025171e-15 0.49999999999993722
2.0381356181718583e-15 0.49999999999994205
1.8909815606445506e-15 0.49999999999994604
1.7523192292821792e-15 0.49999999999995015
1.6217182360784785e-15 0.49999999999995015
1.4977071659750705e-15 0.49999999999995021
1.3797971723925782e-15 0.49999999999995365
1.2699221879457407e-15 0.49999999999995365
1.1671155518152168e-15 0.49999999999995365
1.0712115682294703e-15 0.49999999999995365
9.8228981569339026e-16 0.49999999999995365
9.0047213427493411e-16 0.49999999999995365
8.2579167336176176e-16 0.49999999999995365
7.5813343704610918e-16 0.49999999999995365
6.9721364042104561e-16 0.49999999999995365
6.4260232428220728e-16 0.49999999999995365
5.937420941424638e-16 0.49999999999995365
5.4999651694831939e-16 0.49999999999995365
5.1069761148481651e-16 0.49999999999995365
4.7519731495592092e-16 0.49999999999995365
4.4288838510467689e-16 0.49999999999995365
4.1323544376978613e-16 0.49999999999995365
3.8578666712220037e-16 0.49999999999995365
3.6018081822187613e-16 0.49999999999995365
3.3614400908712912e-16 0.4999999999999537
3.135554477011225e-16 0.49999999999995642
2.9256623099639273e-16 0.49999999999995909
2.730403051344245e-16 0.49999999999996175
2.5485871772592478e-16 0.49999999999996431
2.3789808503680241e-16 0.49999999999996658
2.2199215609016353e-16 0.49999999999996908
2.0702597475942873e-16 0.49999999999997119
1.9287569440646707e-16 0.49999999999997308
1.7947480255382076e-16 0.49999999999997508
1.6679801799657343e-16 0.49999999999997718
1.5485480979002555e-16 0.49999999999997896
1.4357919223066295e-16 0.49999999999997896
1.3286044540676293e-16 0.49999999999998052
1.2272780200911109e-16 0.49999999999998052
1.1313638080032272e-16 0.49999999999998052
1.0406311416872144e-16 0.49999999999998052
9.5525049786463279e-17 0.49999999999998052
8.7558064255143583e-17 0.49999999999998068
8.0224354190504939e-17 0.4999999999999819
7.3619272680703563e-17 0.49999999999998301
6.7754749478500929e-17 0.49999999999998418
6.2562592986750414e-17 0.49999999999998485
5.7936680172902858e-17 0.49999999999998485
5.3754601323893681e-17 0.49999999999998601
4.9943842101673292e-17 0.49999999999998601
4.6436511980995131e-17 0.49999999999998601
4.3170092864729337e-17 0.49999999999998718
4.0142128754774115e-17 0.49999999999998718
3.7304970961961728e-17 0.49999999999998718
3.4630238459243412e-17 0.49999999999998818
3.2132730905866554e-17 0.49999999999998818
2.9790432581441552e-17 0.4999999999999884
2.7595402909648347e-17 0.49999999999998934
2.5569981228230939e-17 0.49999999999999017
2.3710522623727964e-17 0.49999999999999017
2.1982042177565863e-17 0.49999999999999017
2.036014915676075e-17 0.49999999999999017
1.8834307873881421e-17 0.49999999999999017
1.7400186656818771e-17 0.49999999999999017
1.6057524506033905e-17 0.49999999999999017
1.4807610632290911e-17 0.49999999999999017
1.3650951985830021e-17 0.49999999999999017
1.2586973533275964e-17 0.49999999999999017
1.1613339382675652e-17 0.49999999999999017
1.0726139770953229e-17 0.49999999999999017
9.9201176092885341e-18 0.49999999999999017
9.1883332039883891e-18 0.49999999999999017
8.5230453212024696e-18 0.49999999999999017
7.9169591807095186e-18 0.49999999999999017
7.3625918805137151e-18 0.49999999999999017
6.8531271332419026e-18 0.49999999999999017
6.3828683009673353e-18 0.49999999999999023
5.9481421360620597e-18 0.49999999999999079
5.5486663494477079e-18 0.49999999999999145
5.1826163431843953e-18 0.49999999999999195
4.8447240064486266e-18 0.49999999999999251
4.5309574424676346e-18 0.49999999999999301
4.2364803492559102e-18 0.49999999999999345
3.9595800546958417e-18 0.49999999999999412
3.6929482912525255e-18 0.49999999999999478
3.4413530662907208e-18 0.49999999999999523
3.2030774177272446e-18 0.49999999999999539
2.9774430703555824e-18 0.49999999999999589
2.7585318058024919e-18 0.49999999999999589
2.5492186662801974e-18 0.49999999999999589
2.3529664623543657e-18 0.49999999999999628
2.1694032976568581e-18 0.49999999999999628
1.9957413128965856e-18 0.49999999999999628
1.8309969601263365e-18 0.4999999999999965
1.675407849908128e-18 0.4999999999999965
1.5334201592129235e-18 0.49999999999999661
1.4053701846667828e-18 0.49999999999999661
1.2899208958748875e-18 0.49999999999999695
1.1871718684383965e-18 0.499999999999997
1.0951562926693388e-18 0.49999999999999717
1.0132236655390413e-18 0.49999999999999717
9.3780950357979736e-19 0.49999999999999734
8.7045181038399602e-19 0.49999999999999734
8.0899139807202228e-19 0.49999999999999756
7.5248059998016914e-19 0.49999999999999756
6.9838515624449969e-19 0.49999999999999772
6.5011981614701593e-19 0.49999999999999772
6.0459761265222367e-19 0.49999999999999772
5.6104150773464887e-19 0.49999999999999778
5.1849609850559684e-19 0.49999999999999778
4.7850948650209551e-19 0.49999999999999789
4.4141133268555117e-19 0.49999999999999789
4.0716940665604241e-19 0.49999999999999789
3.7553198145356799e-19 0.49999999999999789
3.4637649679943464e-19 0.499999999999998
3.197914249874599e-19 0.499999999999998
2.9553748063900142e-19 0.499999999999998
2.733212514854558e-19 0.499999999999998
2.5293837040871909e-19 0.499999999999998
2.3422037488510585e-19 0.499999999999998
2.170242264671322e-19 0.499999999999998
2.0123237340120608e-19 0.499999999999998
1.8668620157246743e-19 0.499999999999998
1.7331264229321684e-19 0.499999999999998
1.6098465675717283e-19 0.499999999999998
1.4960815824874179e-19 0.499999999999998
1.3904405456336055e-19 0.499999999999998
1.2930331398274186e-19 0.499999999999998
1.2010996519378149e-19 0.49999999999999811
1.1149943720613292e-19 0.49999999999999822
1.0379087756217328e-19 0.49999999999999828
9.6748338456110947e-20 0.49999999999999833
9.0244894491779215e-20 0.49999999999999839
8.4071155123798884e-20 0.49999999999999845
7.8188620576878656e-20 0.4999999999999985
7.2615285499523514e-20 0.49999999999999856
6.7446708844847746e-20 0.49999999999999867
6.263547426191074e-20 0.49999999999999872
5.8076871418948625e-20 0.49999999999999872
5.3641255239719972e-20 0.49999999999999878
4.9510113183346108e-20 0.49999999999999883
4.5784016670845274e-20 0.49999999999999889
4.2329608149110325e-20 0.49999999999999895
3.9100294887322482e-20 0.49999999999999895
3.6180206581306231e-20 0.499999999999999
3.3341222625072173e-20 0.499999999999999
3.0774113459440323e-20 0.499999999999999
2.8393371414212521e-20 0.499999999999999
2.6191659637212903e-20 0.499999999999999
2.4159748636206129e-20 0.499999999999999
2.2300989554850267e-20 0.49999999999999906
2.0604085562365423e-20 0.49999999999999906
1.9068082104801772e-20 0.49999999999999906
1.7661113923138222e-20 0.49999999999999917
1.6393008405510207e-20 0.49999999999999917
1.5243240808458424e-20 0.49999999999999922
1.4194821925511434e-20 0.49999999999999922
1.3221366580797957e-20 0.49999999999999928
1.232252772142086e-20 0.49999999999999928
1.1475103669185283e-20 0.49999999999999933
1.06908496542263e-20 0.49999999999999933
9.8546488967971004e-21 0.49999999999999939
8.9812001219626611e-21 0.49999999999999939
8.2047882476474049e-21 0.49999999999999939
7.5260233096186067e-21 0.49999999999999939
6.8965216867997177e-21 0.49999999999999939
6.31952999919959e-21 0.49999999999999939
5.7960057034507313e-21 0.49999999999999939
5.3196871693760859e-21 0.49999999999999939
4.8898886537280647e-21 0.49999999999999939
4.5012963529440945e-21 0.49999999999999939
4.1487289859052907e-21 0.49999999999999939
3.8382142279637841e-21 0.49999999999999939
3.5658528672262086e-21 0.49999999999999944
3.3155132372854625e-21 0.49999999999999944
3.0858444112866805e-21 0.49999999999999944
2.8762519407951547e-21 0.49999999999999944
2.6838043118989691e-21 0.49999999999999944
2.506139892813608e-21 0.4999999999999995
2.3411965166578445e-21 0.4999999999999995
2.1845211440435775e-21 0.4999999999999995
2.0377496667954612e-21 0.4999999999999995
1.8990769090455591e-21 0.4999999999999995
1.766150609743091e-21 0.49999999999999956
1.6473285012179966e-21 0.49999999999999956
1.5318309186312982e-21 0.49999999999999956
1.4245287658166147e-21 0.49999999999999961
1.3243615800439992e-21 0.49999999999999961
1.2306319584362005e-21 0.49999999999999961
1.1423132610657553e-21 0.49999999999999961
1.0586927989717347e-21 0.49999999999999961
9.7726576360877905e-22 0.49999999999999961
8.9818529047125122e-22 0.49999999999999961
8.3516363612904435e-22 0.49999999999999961
7.7642285137669799e-22 0.49999999999999961
7.1965474322840234e-22 0.49999999999999961
6.7042293932680913e-22 0.49999999999999961
6.2034898261498866e-22 0.49999999999999961
5.7484965093024298e-22 0.49999999999999961
5.3287402779033693e-22 0.49999999999999961
4.9465384293423481e-22 0.49999999999999961
4.5976016637610198e-22 0.49999999999999961
4.2758606688928338e-22 0.49999999999999961
3.9783538726811169e-22 0.49999999999999961
3.7069862010081735e-22 0.49999999999999961
3.4481124267505097e-22 0.49999999999999961
3.2094191830377153e-22 0.49999999999999961
2.9906704571588993e-22 0.49999999999999961
2.78645736932335e-22 0.49999999999999961
2.5976555521034981e-22 0.49999999999999961
2.419762768257338e-22 0.49999999999999961
2.2552150822932419e-22 0.49999999999999961
2.101381913704045e-22 0.49999999999999961
1.9575728550600938e-22 0.49999999999999961
1.8224972072046067e-22 0.49999999999999961
1.6971090477897633e-22 0.49999999999999961
1.5802309193189997e-22 0.49999999999999961
1.471133092170662e-22 0.49999999999999961
1.3691490769608989e-22 0.49999999999999961
1.2745973397750332e-22 0.49999999999999961
1.1864943855214285e-22 0.49999999999999961
1.1044581183642219e-22 0.49999999999999961
1.0280846387446008e-22 0.49999999999999961
9.5703467123155703e-23 0.49999999999999961
8.9088246058552125e-23 0.49999999999999961
8.2931967288420457e-23 0.49999999999999961
7.7208629513043927e-23 0.49999999999999961
7.1881273977657408e-23 0.49999999999999961
6.6930926503445975e-23 0.49999999999999961
6.2320657049365661e-23 0.49999999999999961
5.8032912277590026e-23 0.49999999999999961
5.4040650352596639e-23 0.49999999999999961
5.0319290869639791e-23 0.49999999999999961
4.6853229869121336e-23 0.49999999999999961
4.3625896156808291e-23 0.49999999999999961
4.0620514192341739e-23 0.49999999999999961
3.7821649225447317e-23 0.49999999999999961
3.5215041188584842e-23 0.49999999999999961
3.2789480036416159e-23 0.49999999999999961
3.0529230235126558e-23 0.49999999999999961
2.8424507861704275e-23 0.49999999999999961
2.6463117998910777e-23 0.49999999999999961
2.463799378577854e-23 0.49999999999999961
2.2937079922203465e-23 0.49999999999999961
2.1354602747835913e-23 0.49999999999999961
1.9880629096800605e-23 0.49999999999999961
1.8508677338614138e-23 0.49999999999999961
1.7232176768491626e-23 0.49999999999999961
1.604384055704673e-23 0.49999999999999961
1.4937203530614292e-23 0.49999999999999961
1.3907013042098546e-23 0.49999999999999961
1.2948168865793835e-23 0.49999999999999961
1.2055426135192205e-23 0.49999999999999961
1.1224312063342481e-23 0.49999999999999961
1.0450541778787216e-23 0.49999999999999961
9.730095342662746e-24 0.49999999999999961
9.0593454015475985e-24 0.49999999999999961
8.4348024825882616e-24 0.49999999999999961
7.8532915162045857e-24 0.49999999999999961
7.3118749504150316e-24 0.49999999999999961
6.8078418149572644e-24 0.49999999999999961
6.3385253105510189e-24 0.49999999999999961
5.901556129979463e-24 0.49999999999999961
5.4946553518213696e-24 0.49999999999999961
5.115804106183925e-24 0.49999999999999961
4.7630687853053705e-24 0.49999999999999961
4.4346365576602796e-24 0.49999999999999961
4.1288951014344928e-24 0.49999999999999961
3.8442047877157972e-24 0.49999999999999961
3.5791374006379226e-24 0.49999999999999961
3.3323435695246874e-24 0.49999999999999961
3.1025652190585938e-24 0.49999999999999961
2.8886304936059843e-24 0.49999999999999961
2.6894516643266864e-24 0.49999999999999961
2.5040064870035555e-24 0.49999999999999961
2.3313472966316042e-24 0.49999999999999961
2.1706014556036673e-24 0.49999999999999961
2.0209267122931349e-24 0.49999999999999961
1.8815801541709748e-24 0.49999999999999961
1.7518416360130506e-24 0.49999999999999961
1.6310537972159456e-24 0.49999999999999961
1.5185978517038369e-24 0.49999999999999961
1.4138944986617422e-24 0.49999999999999961
1.3164135277801909e-24 0.49999999999999961
1.2256557998480429e-24 0.49999999999999961
1.1411525212911745e-24 0.49999999999999961
1.0624750915314192e-24 0.49999999999999961
9.8922236392648617e-25 0.49999999999999961
9.2101850036933871e-25 0.49999999999999961
8.5751668850241078e-25 0.49999999999999961
7.9839265757386587e-25 0.49999999999999961
7.4334439487688373e-25 0.49999999999999961
6.9209176517484346e-25 0.49999999999999961
6.4437166820848783e-25 0.49999999999999961
5.9994225029589088e-25 0.49999999999999961
5.5857591314621511e-25 0.49999999999999961
5.2006237455497637e-25 0.49999999999999961
4.8420404214358186e-25 0.49999999999999961
4.508182182882707e-25 0.49999999999999961
4.1973427896926176e-25 0.49999999999999961
3.9079343545798887e-25 0.49999999999999961
3.6384811671008778e-25 0.49999999999999961
3.3876086720572267e-25 0.49999999999999961
3.1540334274591915e-25 0.49999999999999961
2.936564007660874e-25 0.49999999999999961
2.734087514000216e-25 0.49999999999999961
2.5455737026346626e-25 0.49999999999999961
2.370058876699895e-25 0.49999999999999961
2.2066448623601417e-25 0.49999999999999961
2.0544999227338296e-25 0.49999999999999961
1.9128448027824626e-25 0.49999999999999961
1.7809555473644605e-25 0.49999999999999961
1.658159171292216e-25 0.49999999999999961
1.5438302305463213e-25 0.49999999999999961
1.4373836363643136e-25 0.49999999999999961
1.338277344014681e-25 0.49999999999999961
1.2460041296427043e-25 0.49999999999999961
1.1600935272094576e-25 0.49999999999999961
1.0801063320966371e-25 0.49999999999999961
1.0056340100447424e-25 0.49999999999999961
9.3629611940722295e-26 0.49999999999999961
8.7173888460379098e-26 0.49999999999999961
8.1163225982089031e-26 0.49999999999999961
7.5567013479577787e-26 0.49999999999999961
7.0356671620330856e-26 0.49999999999999961
6.5505552681136054e-26 0.49999999999999961
6.0988944152221783e-26 0.49999999999999961
5.6783780772080269e-26 0.49999999999999961
5.2868568419822895e-26 0.49999999999999961
4.9223310535478446e-26 0.49999999999999961
4.5829401174366415e-26 0.49999999999999961
4.2669489950149833e-26 0.49999999999999961
3.9727431174105563e-26 0.49999999999999961
3.6988232127956455e-26 0.49999999999999961
3.4437897964096346e-26 0.49999999999999961
3.20633891969403e-26 0.49999999999999961
2.9852589179741608e-26 0.49999999999999961
2.7794225024320037e-26 0.49999999999999961
2.5877789451841029e-26 0.49999999999999961
2.4093501185340037e-26 0.49999999999999961
2.2432247735327699e-26 0.49999999999999961
2.0885555890009788e-26 0.49999999999999961
1.9445510331183641e-26 0.49999999999999961
1.8104765957162225e-26 0.49999999999999961
1.685646031171632e-26 0.49999999999999961
1.5694230394903446e-26 0.49999999999999961
1.4612142243970773e-26 0.49999999999999961
1.3604668219959317e-26 0.49999999999999961
1.2666644448088843e-26 0.49999999999999961
1.179328699025925e-26 0.49999999999999961
1.0980139439812108e-26 0.49999999999999961
1.0223051808955153e-26 0.49999999999999961
9.5181534795643587e-27 0.49999999999999961
8.8618629202043379e-27 0.49999999999999961
8.2508251842731693e-27 0.49999999999999961
7.6819211353256205e-27 0.49999999999999961
7.1522443438652717e-27 0.49999999999999961
6.6590936171127791e-27 0.49999999999999961
6.1999317667767345e-27 0.49999999999999961
5.7724260127055541e-27 0.49999999999999961
5.3743903233919748e-27 0.49999999999999961
5.0038034150445179e-27 0.49999999999999961
4.6587724302397552e-27 0.49999999999999961
4.3375271778231162e-27 0.49999999999999961
4.0384385071262442e-27 0.49999999999999961
3.7599742698685281e-27 0.49999999999999961
3.5007092665537841e-27 0.49999999999999961
3.2593341678787304e-27 0.49999999999999961
3.0345954444609166e-27 0.49999999999999961
2.8253433773638172e-27 0.49999999999999961
2.6305246975650059e-27 0.49999999999999961
2.4491382373056023e-27 0.49999999999999961
2.2802560857354268e-27 0.49999999999999961
2.1230158463423559e-27 0.49999999999999961
1.9766216329347492e-27 0.49999999999999961
1.8403286044449758e-27 0.49999999999999961
1.7134327129318146e-27 0.49999999999999961
1.5952875486470507e-27 0.49999999999999961
1.4852850325362133e-27 0.49999999999999961
1.3828634981088139e-27 0.49999999999999961
1.2875055191704112e-27 0.49999999999999961
1.1987249184550788e-27 0.49999999999999961
1.1160722458414951e-27 0.49999999999999961
1.0391219404523692e-27 0.49999999999999961
