0 0
0.0032590238750619632 0
0.011977955562571254 0
0.024528137194989186 0
0.039764490152546531 0
0.056884286252457068 0
0.075324557400949191 0
0.094690745686580827 0
0.11470598931726582 0
0.13517653832993026 0
0.15596506199273297 -4.5714923777256901e-29
0.17684251480197088 -2.5316257665221404e-25
0.19742190977181201 -2.0650505476198421e-24
0.21741447877040124 -2.0503466849190765e-24
0.23662824568641358 -1.6012274699155511e-24
0.25494292043625588 -2.19966829884997e-24
0.27229041381284241 -2.5556959394361621e-24
0.28864087688232509 -2.5515204842483985e-24
0.30399170633776706 -1.8510226671826572e-24
0.3183594454235773 -1.5495464456043298e-24
0.33177374820764421 -1.7796664108409213e-24
0.34427297974014864 -1.8395590200723558e-24
0.35590073091740199 -2.7800799628456895e-24
0.36670352757888464 -3.5825547759981824e-24
0.37672966259132673 -3.4416949064951577e-24
0.38602678033176469 -3.6615787697682107e-24
0.39464169805264621 -3.8892097111758707e-24
0.40261977365117957 -3.9693272027899336e-24
0.4100045541418173 -3.4833238494159203e-24
0.41683753958622555 -3.375276395667249e-24
0.42315783752465425 -3.8784361099190327e-24
0.42900255984908964 -3.9727979796677542e-24
0.43440634169062159 -3.6190939583257685e-24
0.43940157601730351 -3.4912157878504358e-24
0.44401848861467946 -3.4616139328882512e-24
0.44828522994137149 -3.4647417502261961e-24
0.45222797767987255 -3.4643870664471192e-24
0.4558710439999395 -3.6963538251961522e-24
0.4592369849149765 -3.7013701308870848e-24
0.46234671399840038 -3.7539880746011387e-24
0.4652196068974449 -3.9081942714003877e-24
0.46787359539922058 3.8669474561478515e-22
0.47032529516067034 3.858978239473369e-22
0.47259007009261544 3.8839508991862455e-22
0.47468213058933384 3.8847214864718598e-22
0.47661461689829715 3.8841137479632566e-22
0.47839967725484578 3.8767306811060708e-22
0.48004854090928967 3.8767261348590427e-22
0.48157158570543152 3.8762780687316741e-22
0.48297839844173918 3.8751052703120728e-22
0.4842778409480154 3.875910878771684e-22
0.48547809303609513 3.8755822292157046e-22
0.48658672962003247 3.8756424269446383e-22
0.48761074139394761 3.8592731278870707e-22
0.48855658654594786 3.8592812060453962e-22
0.48943023112793471 3.8592803605327219e-22
0.49023718641906439 3.8670329437927183e-22
0.49098253961931065 3.9062204732358696e-22
0.49167096058303311 2.2299864426560032e-15
0.4927805538211929 1.4472241066109421e-05
0.49476635699233518 0.00016237265441138005
0.4976723405905476 0.00068296772939024182
0.5015840697591365 0.0019123624252936691
0.50650067796806919 0.0042430265740308303
0.51228482302699097 0.0080498236078328841
0.51867970795614582 0.01361486030530345
0.52536498576891089 0.021083695129528162
0.532019082151725 0.030460446964250838
0.53836497909722492 0.041632632380752321
0.54419289065483178 0.054409072223913467
0.54936198308002948 0.068557452978004696
0.55378994089362732 0.083834331079090857
0.5574372754872875 0.10000485199875564
0.56029227192645825 0.11685633714658003
0.56235843756802262 0.13420252668429339
0.56364582789375717 0.15188574810106312
0.56416573578724927 0.16977555540827061
0.56392795332599455 0.18776613579013385
0.56293977175680587 0.20577364686359909
0.5612073399449633 0.22372344279345288
0.55877526064407146 0.24139839963033491
0.55576775631669073 0.25852163570965775
0.55235463939012885 0.27491686329977194
0.54871464241706513 0.29048848646318343
0.54501106409330524 0.30519715055386448
0.54137734323780551 0.31903969438022733
0.53791197033323368 0.33203375388567397
0.53467918887577937 0.34420762124903131
0.53171328250398098 0.35559448768767793
0.52902434301547163 0.36622907339421923
0.52660492233142198 0.37614674180770613
0.52443597497174121 0.38538293110441646
0.52249208144440362 0.39397302157560571
0.5207452193476203 0.40195258670225709
0.51916795208461863 0.40935691555312487
0.51773524696380324 0.41622089468943002
0.51642549586020703 0.42257872604620011
0.5152208653916216 0.42846364167858497
0.51410710704228857 0.43390785317664926
0.51307329789669553 0.43894197408531327
0.51211110888010425 0.44359531613158698
0.51121429991676226 0.44789553616264882
0.51037812309448383 0.45186868062865843
0.50959883949433282 0.45553919782436181
0.50887334070309598 0.4589299243384416
0.5081988655776144 0.46206210540326853
0.50757280672003935 0.46495545290896623
0.50699259506304006 0.4676282156267092
0.50645564573694957 0.47009725854363604
0.50595934402763953 0.47237815725796123
0.50550106268526085 0.47448527815591174
0.50507819361459971 0.4764318629889297
0.5046881772831151 0.4782301457021268
0.50432854320123321 0.47989140323345753
0.50399693441065352 0.48142605168342423
0.50369112860222154 0.48284371643844259
0.50340905367964939 0.48415328716341804
0.50314879194334616 0.48536298348590823
0.50290858237691771 0.48648039654279401
0.50268681211764665 0.48751255068292854
0.50248201226619138 0.48846592778267339
0.50229284084216241 0.4893465344980521
0.50211807490496863 0.49015992192828672
0.50195659994770669 0.49091121340222155
0.50163167661512165 0.49235976508424584
0.50080551276883767 0.49538259972311788
0.499250169251022 0.49965971168878504
0.49666819420384012 0.50496799933015724
0.49276626927679751 0.51109060173163956
0.48730839636695067 0.51777591300800485
0.48015161053121835 0.52474262286668838
0.47125847886353522 0.53170684837860271
0.46068887258724939 0.53841209172553639
0.44857761102809929 0.54464911012654271
0.43510726038285752 0.55026397703289964
0.42048289033467962 0.55515465708737466
0.40491244249833686 0.55926169495036171
0.38859385080716652 0.56255672934308898
0.37170589931445053 0.56503174203927498
0.3544054355776402 0.56669035513350419
0.33682651769724425 0.56754170448641206
0.31908100990182808 0.56759653184557324
0.30126052114050794 0.56686512620611651
0.28343936295341093 0.56535611906066641
0.26573951717379279 0.56309101686341057
0.24845299295098447 0.56016292060157358
0.2318093612267503 0.55673334080773673
0.21594215262142202 0.55298818333826316
0.20091566065246161 0.54910710554698983
0.18674802189693512 0.54524371720241849
0.17342980674379335 0.5415166571141532
0.16093689267208383 0.53800798752531953
0.14923829197920005 0.53476633188794764
0.13830057440612606 0.5318123169607194
0.1280894681561002 0.5291454205026771
0.1185705802735347 0.52675038711460609
0.10970948178596179 0.52460306285484892
0.101471613317139 0.52267504943762544
0.093822314235973855 0.5209371932853557
0.086727135511843079 0.51936214414727355
0.08015204834524349 0.51792574378480427
0.074063767090018107 0.51660767943884778
0.068429898776007123 0.51539148292610371
0.063219189791830901 0.51426425667858644
0.058401938156691306 0.51321620391815204
0.053949826118918347 0.51223990114987916
0.049836108356887947 0.51132973079498023
0.046035623188687751 0.51048133444029919
0.042524829009676531 0.50969117258564134
0.039281768058495162 0.50895618144215848
0.036286042181659005 0.5082735357984477
0.033518749718804232 0.50764049635093167
0.030962412953143024 0.50705432819748886
0.028600890453757865 0.50651227126258735
0.026419285334560852 0.5060115445347575
0.024403878015774996 0.505549377489942
0.022541993629529352 0.50512303671032488
0.02082195226619258 0.504729869980727
0.019232972661991449 0.50436733512763898
0.017765092998757049 0.50403302393996918
0.016409114288802051 0.50372468201294895
0.015156531104443626 0.50344021591922228
0.013999486904892616 0.50317769794436751
0.012930713220624997 0.50293535975630332
0.011943495303833498 0.50271158734356147
0.011031632174530844 0.50250491061870795
0.010189372796418175 0.50231398529487392
0.0094114097158871195 0.50213758709307699
0.0085878353376644973 0.50195037988011049
0.0063832174710669425 0.50139584587052777
0.0027301977238768128 0.50022944181861151
-0.0020839529344810529 0.49818774819369838
-0.0078338833170083829 0.4949736333584952
-0.014280890651205835 0.49032066364689852
-0.02115448948465071 0.48403790873511499
-0.028168699966763005 0.47603459376945634
-0.035050762938164351 0.46632194128584392
-0.041566347665523189 0.4549979136193632
-0.047533260585799618 0.44222166051238804
-0.052823349454606074 0.42818727465882617
-0.057356024288362326 0.41310146488217436
-0.061087672076982187 0.39716695110165462
-0.064000405717969708 0.3805724257742199
-0.066092302884399878 0.36348541845279503
-0.067369988351390034 0.34605143384546655
-0.067843618670102218 0.32839348247325301
-0.06752390930438068 0.31061346035911486
-0.066420319818598153 0.29279430111803895
-0.064542860063325269 0.27501040835153051
-0.061940805452011069 0.25747669927755962
-0.058745327690832252 0.24047714132662118
-0.055134447551550551 0.22419298138595301
-0.051294540780476683 0.20872201368170656
-0.047395137941886434 0.1941042705940442
-0.043574237108507052 0.1803429593697928
-0.039933272993154564 0.16742046059662674
-0.036538058334731963 0.15530876425024595
-0.033423352260583232 0.14397530124820768
-0.030598937267462607 0.13338622920885862
-0.028056534440811753 0.12350722782388542
-0.025776000441531714 0.11430396671427841
-0.02373061287125186 0.10574200555179787
-0.021891136050754746 0.097786721852716779
-0.02022899769311106 0.090403600295655945
-0.018718174293492647 0.083558384386353712
-0.017336229870434348 0.077217370655975268
-0.01606466214104885 0.071347712006119168
-0.014888687856113914 0.065917478376868344
-0.013796966338990649 0.060896247182292688
-0.012780857780238498 0.056254918597631876
-0.011833844369648374 0.051965896262947883
-0.010950951828848744 0.048003174515315439
-0.010128250090500029 0.044342376421282914
-0.0093624492913589059 0.040960702105047021
-0.0086506139833562156 0.037836936748441449
-0.0079899654620510536 0.034951396541625525
-0.0073777646994658492 0.03228586059517189
-0.0068112586349702194 0.029823494559230765
-0.0062876668077581962 0.027548754535986857
-0.0058042003207754772 0.025447306622174162
-0.0053580957413863076 0.023505944006944932
-0.0049466451383616793 0.021712467155549416
-0.0045672380706839356 0.020055632419604646
-0.0042173864561963238 0.018525054966020745
-0.0038947464227697313 0.017111139840328263
-0.0035971332642294436 0.015805023663426461
-0.0033225260845668072 0.014598512177767592
-0.0030690692490502069 0.013484036537001304
-0.0028350633763263508 0.012454592873696706
-0.0026189607427815147 0.011503718227627581
-0.0024193471334609268 0.010625423155028025
-0.0022349333462887895 0.0098141715155792408
-0.0020645443395061092 0.0090648541763538697
-0.001907106400624612 0.0083727541259984856
-0.0017616355025385137 0.0077335141888253307
-0.001627221810816469 0.0071430839994549439
-0.0015030315927652561 0.0065977409710211744
-0.0013882952766268682 0.0060940460643346926
-0.0012822987787109855 0.0056288107792931202
-0.0011843822429589575 0.0051990947052115719
-0.0010939340480686107 0.0048021799261950522
-0.001010387752260732 0.0044355571228671901
-0.00093322344651391336 0.0040969301755404098
-0.00086195552007350257 0.0037841604442440729
-0.00079613444746697839 0.0034952729803395081
-0.0007353442953503597 0.0032284438759678795
-0.00067920040564577481 0.0029819886326547056
-0.00062734721872614689 0.0027543514479177128
-0.00057945621781672896 0.0025440953452366207
-0.00053522405225823533 0.0023498933739392663
-0.00049437063381800291 0.0021705199348552163
-0.00045663692108389629 0.0020048409283925195
-0.00042178430777070223 0.0018518110601624443
-0.00038959276547321673 0.0017104657883274352
-0.00035985869020689214 0.0015799120130847682
-0.00033239431333235536 0.0014593256423310272
-0.00030702628458871339 0.0013479455252073077
-0.00028359454629691712 0.0012450686443482933
-0.00026195129691219292 0.0011500456753376377
-0.00024195772366136935 0.0010622667227016332
-0.00022349028039637017 0.00098118894532773929
-0.00020643275698845634 0.00090630176613727914
-0.00019067760104065064 0.00083713269190240991
-0.00017612538652708371 0.00077324498515995716
-0.00016268435926769929 0.00071423566362590458
-0.00015026951845276536 0.00065973145644195529
-0.00013880252619459521 0.0006093883949790977
-0.0001282110209094327 0.00056288878436535792
-0.0001184281995954018 0.00051993935729562394
-0.00010939227335066438 0.00048026887344133386
-0.00010104620286217941 0.00044362695011712676
-9.3337305668186323e-05 0.00040978233231621039
-8.6216923466521001e-05 0.00037852142840673537
-7.9640115197748804e-05 0.00034964696067751834
-7.3565391487655707e-05 0.00032297679873547321
-6.7954424056252508e-05 0.00029834268398296185
-6.2771776027263621e-05 0.00027558904634069552
-5.7984785193577386e-05 0.00025457249282470059
-5.3563235461410354e-05 0.00023516036616937826
-4.9479219807645804e-05 0.00021723014429117529
-4.570694823078614e-05 0.00020066859807654319
-4.222263278118617e-05 0.00018537128737804463
-3.9004289612757714e-05 0.00017124169251807333
-3.6031613797115579e-05 0.00015819066505936972
-3.3285850934414441e-05 0.00014613586435529091
-3.0749681350452783e-05 0.00013500124923508994
-2.8407105531558309e-05 0.00012471657503370552
-2.624333063724667e-05 0.00011521689529248376
-2.4244610125005281e-05 0.00010644185757841433
-2.2398426873548152e-05 9.8336507354607791e-05
-2.0693140548436289e-05 9.0849739708779835e-05
-1.9117999186428472e-05 8.3934350125450672e-05
-1.7663071387959912e-05 7.7546736718096636e-05
-1.6319183732298907e-05 7.1646625407324546e-05
-1.5077862852032515e-05 6.6196815571078731e-05
-1.3931220211607298e-05 6.116267416084631e-05
-1.2872012197878331e-05 5.6512399506839811e-05
-1.1893555258769471e-05 5.2216648745833851e-05
-1.0994022486429211e-05 4.8267401254016732e-05
-1.016249177337532e-05 4.4616705418516434e-05
-9.3938279679488015e-06 4.1242016249235839e-05
-8.6832834823316993e-06 3.8122490268559723e-05
-8.0264690492405379e-06 3.523885713060288e-05
-7.4193266848397003e-06 3.2573300925328528e-05
-6.8581046914824867e-06 3.0109350436873143e-05
-6.3393345465357883e-06 2.7831777681121057e-05
-5.8598095349702274e-06 2.5726504097846833e-05
-5.4165649941995879e-06 2.3780513820226709e-05
-5.0068600494805511e-06 2.1981773487682688e-05
-4.628160727381454e-06 2.0319158108395391e-05
-4.27812434329845e-06 1.8782382514980378e-05
-3.954585066866934e-06 1.7361937991337954e-05
-3.6555405763977152e-06 1.6049033680619144e-05
-3.3791397201445208e-06 1.4835542413530569e-05
-3.1230930915799557e-06 1.3711412938322194e-05
-2.8866510033027402e-06 1.2673353880047699e-05
-2.6682938833310157e-06 1.1714693816063084e-05
-2.4666214404583313e-06 1.0829285005827435e-05
-2.2803432554396799e-06 1.0011462082947024e-05
-2.1082701036449481e-06 9.2560039586114885e-06
-1.9493059693844857e-06 8.5580987618811907e-06
-1.8024406879836005e-06 7.9133115359183634e-06
-1.6667431713323053e-06 7.3175544959685015e-06
-1.5410575218315872e-06 6.7657528689730056e-06
-1.4249080132626828e-06 6.2558180593720879e-06
-1.3175730948998795e-06 5.7845822205177946e-06
-1.2183857239929816e-06 5.3491168137636706e-06
-1.1267292511934895e-06 4.9467145441488743e-06
-1.0420336163543383e-06 4.5748726587306097e-06
-9.6377183130353191e-07 4.2312775048082822e-06
-8.9145672867006945e-07 3.9137902561958433e-06
-8.2463795468598641e-07 3.6204337106334051e-06
-7.6289919047482079e-07 3.3493800903275972e-06
-7.0585558214453909e-07 3.0989397592027145e-06
-6.5315136498601329e-07 2.8675507923456323e-06
-6.044576670027147e-07 2.6537693327683496e-06
-5.5947047856146114e-07 2.456260677500633e-06
-5.1790877438399869e-07 2.2737910325076237e-06
-4.795127785563845e-07 2.1052198955041308e-06
-4.4404235915120372e-07 1.9494930078127398e-06
-4.1127554520036363e-07 1.80563584338196e-06
-3.8100715475921876e-07 1.672747585532532e-06
-3.5297370026531665e-07 1.5496714366134002e-06
-3.2700286975720874e-07 1.4356508900543268e-06
-3.0294290108572934e-07 1.3300196597652596e-06
-2.806531983384945e-07 1.2321604831325646e-06
-2.6000351025934214e-07 1.1415015140084457e-06
-2.4087316911912811e-07 1.0575129810934623e-06
-2.2315038558171081e-07 9.7970409219910625e-07
-2.0673159545977895e-07 9.0762016623899923e-07
-1.9152085453156893e-07 8.4083997630178198e-07
-1.7742927788807544e-07 7.7897328819972027e-07
-1.6437452051862037e-07 7.2165858007995631e-07
-1.5228029613436481e-07 6.6856092986003488e-07
-1.4107593137795335e-07 6.1937005808947799e-07
-1.3069595284220423e-07 5.737985148360333e-07
-1.2107970447142943e-07 5.3157999992969648e-07
-1.1217099311563304e-07 4.9246780682846773e-07
-1.0391776015638585e-07 4.5623338096332446e-07
-9.6212909307110592e-08 4.2240653417010439e-07
-8.9133828130113691e-08 3.9132702346702824e-07
-8.2575606222173842e-08 3.6253425744762948e-07
-7.6499920198150855e-08 3.3585998376185805e-07
-7.0871266405131424e-08 3.1114832960039898e-07
-6.5656753442906852e-08 2.8825489083986219e-07
-6.082590997536972e-08 2.6704588821459655e-07
-5.635050666103432e-08 2.4739738556838933e-07
-5.2204391194586693e-08 2.2919456562358078e-07
-4.8363335485412538e-08 2.1233105904022025e-07
-4.4778769622533809e-08 1.9659362782197114e-07
-4.1484070704572566e-08 1.8212880848641467e-07
-3.8431786664416814e-08 1.6872827074273606e-07
-3.5604081285188875e-08 1.5631370769100951e-07
-3.2984430687802609e-08 1.4481257403261271e-07
-3.0557526774763457e-08 1.3415766214891154e-07
-2.830918777742446e-08 1.2428670937954724e-07
-2.6226275381347151e-08 1.1514203417117815e-07
-2.4296617952880652e-08 1.0667019902360081e-07
-2.250893941404476e-08 9.882169822020559e-08
-2.0852793349621516e-08 9.1550668538275856e-08
-1.9318501962313422e-08 8.4814621242445642e-08
-1.7897099520523808e-08 7.8574193802644912e-08
-1.6580279966301737e-08 7.2792919873696439e-08
-1.5360348379340891e-08 6.7437016207228545e-08
-1.4230176009044756e-08 6.2475185227269321e-08
-1.3183158619363369e-08 5.7878432150039488e-08
-1.221317789607409e-08 5.3619895550094122e-08
-1.1314565692802489e-08 4.9674690388038942e-08
-1.048207091019625e-08 4.601976259866207e-08
-9.7108288102812678e-09 4.2633754370760817e-08
-8.9963325891082963e-09 3.9496879343128822e-08
-8.3344070408615107e-09 3.6590806979038768e-08
-7.7211841599428103e-09 3.389855545346129e-08
-7.1530805379472998e-09 3.1404392416369508e-08
-6.6267764236445378e-09 2.9093743060916287e-08
-6.1391963242061065e-09 2.695310495480617e-08
-5.6874910329432852e-09 2.4969969136946353e-08
-5.2690209799504836e-09 2.3132747021439229e-08
-4.8813408075971107e-09 2.1430702678444575e-08
-4.5221850810187437e-09 1.9853890098752182e-08
-4.1894550497344359e-09 1.8393095072479238e-08
-3.8812063836194885e-09 1.7039781346977722e-08
-3.5956378109501681e-09 1.5786040742413505e-08
-3.3310805926588906e-09 1.4624546941871788e-08
-3.0859887709081836e-09 1.3548512678402451e-08
-2.8589301351753603e-09 1.2551650073537817e-08
-2.648577853091112e-09 1.1628133893718812e-08
-2.4537027168856588e-09 1.0772567509817435e-08
-2.2731659606083253e-09 9.9799513621974937e-09
-2.1059126055094231e-09 9.2456537447674773e-09
-1.9509652953509477e-09 8.5653837398882199e-09
-1.8074185849967764e-09 7.9351661437464406e-09
-1.6734727308881949e-09 7.3470994860886235e-09
-1.5503431656218078e-09 6.8065199184559655e-09
-1.4362731376194465e-09 6.305714719648785e-09
-1.3305960709115206e-09 5.841757400359969e-09
-1.2326944343944002e-09 5.4119367944751917e-09
-1.1419961331782218e-09 5.0137412159777401e-09
-1.0579711655383642e-09 4.6448437818132756e-09
-9.8012852585083524e-10 4.3030888147694636e-09
-9.080133353071722e-10 3.9864792461915222e-09
-8.4120418387437881e-10 3.6931649464563434e-09
-7.7931066768483102e-10 3.4214319133090329e-09
-7.2197110772793878e-10 3.1696922561186764e-09
-6.6885043633355659e-10 2.9364749168642492e-09
-6.1963823921189081e-10 2.7204170740450968e-09
-5.7404694149177682e-10 2.5202561786988371e-09
-5.3181012729048668e-10 2.3348225768963223e-09
-4.9268098285445938e-10 2.1630326745211527e-09
-4.5643085433676191e-10 2.003882605460512e-09
-4.2284791159563506e-10 1.8564423652516698e-09
-3.9173591037336737e-10 1.7198503766411757e-09
-3.6270464887384874e-10 1.5923935244912808e-09
-3.3601782531092838e-10 1.4752295312733667e-09
-3.1129454563386535e-10 1.3666861459631857e-09
-2.8839033761990968e-10 1.2661290876790351e-09
-2.6717135894716739e-10 1.172970744294289e-09
-2.4751361503195914e-10 1.0866667385261601e-09
-2.2930223448024587e-10 1.0067127468946349e-09
-2.1243079781300661e-10 9.3264155266068814e-10
-1.9680071561008945e-10 8.6402031561638401e-10
-1.8232065238859977e-10 8.0044804275534557e-10
-1.689059928860053e-10 7.4155324503584522e-10
-1.5647834759499367e-10 6.8699176657796037e-10
-1.4496509470073206e-10 6.3644477354087728e-10
-1.3429895569362821e-10 5.896168910167222e-10
-1.2441760224034489e-10 5.4623447696894707e-10
-1.1526329195758936e-10 5.060440232118182e-10
-1.0678253098352494e-10 4.6881067397769603e-10
-9.8925761393348024e-11 4.3431685356775477e-10
-9.1647071597342053e-11 4.0236099489049998e-10
-8.4903928054878152e-11 3.7275636162727063e-10
-7.8656926728218907e-11 3.453299569943843e-10
-7.2869562823338755e-11 3.1992151286635952e-10
-6.7508017465999094e-11 2.9638255317694462e-10
-6.2540960086076954e-11 2.7457552634710821e-10
-5.7939365328485814e-11 2.5437300146051848e-10
-5.3676343445947193e-11 2.3565692361763421e-10
-4.9726983165671613e-11 2.1831792408456905e-10
-4.6068206118116791e-11 2.0225468117426052e-10
-4.267863197738359e-11 1.8737332817951743e-10
-3.9538453524928725e-11 1.7358690484736464e-10
-3.6629320902437145e-11 1.6081484922229175e-10
-3.3934234384097893e-11 1.4898252688124179e-10
-3.1437445038799484e-11 1.380207947982347e-10
-2.9124362698671231e-11 1.2786559730620032e-10
-2.698147069925849e-11 1.1845759177163568e-10
-2.499624689738554e-11 1.0974180183895263e-10
-2.3157090494569176e-11 1.0166729616065821e-10
-2.1453254246962752e-11 9.4186890777177248e-11
-1.9874781668172086e-11 8.7256873418166478e-11
-1.8401885811334558e-11 8.0790372848264291e-11
-1.704792474493795e-11 7.484603537684371e-11
-1.5793584459796844e-11 6.9339066127489335e-11
-1.4631535133039358e-11 6.4237284748764561e-11
-1.3554986246144977e-11 5.9510878617436676e-11
-1.2557646911402518e-11 5.5132228651639188e-11
-1.1633689106913823e-11 5.1075747902083833e-11
-1.0777713617859394e-11 4.7317732033072614e-11
-9.9847184911894156e-12 4.3836220812275441e-11
-9.2500698028639564e-12 4.0610869777580911e-11
-8.5694745810797715e-12 3.7622831359423819e-11
-7.9389557170153624e-12 3.4854644738116234e-11
-7.354828728293278e-12 3.2290133812020497e-11
-6.8136802258808983e-12 2.9914312673993482e-11
-6.3123479705683317e-12 2.7713298047563442e-11
-5.8479023903255221e-12 2.5674228139865034e-11
-5.4176294616009519e-12 2.3785187493474631e-11
-5.0160485702343696e-12 2.2022114355698434e-11
-4.6469809258293869e-12 2.0401785170936552e-11
-4.3050683435062782e-12 1.8900675707817028e-11
-3.9883128136269435e-12 1.7510014032306567e-11
-3.694863339564183e-12 1.6221673660749786e-11
-3.4230051171149182e-12 1.5028126034232397e-11
-3.1711495139032073e-12 1.392239653094946e-11
-2.9378247857595304e-12 1.2898023706240582e-11
-2.7216674779856509e-12 1.1949021541443977e-11
-2.5214144537631701e-12 1.1069844449209462e-11
-2.3358955172648855e-12 1.025535488170151e-11
-2.1640265627481542e-12 9.5007932426274153e-12
-2.0048032668327437e-12 8.8017502457854488e-12
-1.8572952000381446e-12 8.1541409831312056e-12
-1.7206403851064907e-12 7.5541810909162085e-12
-1.594040267878923e-12 6.9983646525531361e-12
-1.4767550504186887e-12 6.4834437091237882e-12
-1.3680993650781176e-12 6.006409268959144e-12
-1.2674382765515644e-12 5.564473754409904e-12
-1.174183562003527e-12 5.1550546753218054e-12
-1.0877902789780573e-12 4.7757595537633826e-12
-1.0077535830472965e-12 4.4243719542674744e-12
-9.3360577267850113e-13 4.0988385125500463e-12
-8.6491355901422963e-13 3.7972569470975603e-12
-8.0127553502306748e-13 3.517864947816062e-12
-7.4231982658748391e-13 3.2590298644198781e-12
-6.8770192082999138e-13 3.0192391712548036e-12
-6.3710265453457655e-13 2.7970916356033854e-12
-5.9022634605756775e-13 2.5912891169917101e-12
-5.4679907273692707e-13 2.4006290053960423e-12
-5.0656706138970506e-13 2.2239971521309241e-12
-4.6929521346016312e-13 2.0603613971046295e-12
-4.347657280515411e-13 1.9087655216942668e-12
-4.0277683039910708e-13 1.7683236670991783e-12
-3.7314159206066644e-13 1.6382151558840189e-12
-3.4568683692844001e-13 1.5176796889075022e-12
-3.2025212799036504e-13 1.406012893252188e-12
-2.9668883837428342e-13 1.3025622484198836e-12
-2.7485927087870491e-13 1.2067232192539705e-12
-2.5463586295277385e-13 1.117935762065982e-12
-2.3590043679410907e-13 1.0356810366550319e-12
-2.1854350931435823e-13 9.5947837811794942e-13
-2.0246366572068219e-13 8.8888253962002745e-13
-1.8756693197521985e-13 8.2348094574020209e-13
-1.7376625908385139e-13 7.6289142168471535e-13
-1.6098100325671105e-13 7.0675991454779916e-13
-1.4913645155105955e-13 6.5475841005363608e-13
-1.3816339003856444e-13 6.0658303641322014e-13
-1.2799769653332381e-13 5.6195227603537521e-13
-1.184990739799179e-13 5.2025017798314835e-13
-1.0977995348159493e-13 4.8197035096806286e-13
-1.0170240168328341e-13 4.4650722306384786e-13
-9.4219230736017651e-14 4.1365362338426674e-13
-8.7286686558123663e-14 3.8321745764523872e-13
-8.086424882464731e-14 3.5502083040323126e-13
-7.4914390448722988e-14 3.2889898068319605e-13
-6.9402317454848886e-14 3.0469915387119443e-13
-6.4295823496139036e-14 2.8227995458647129e-13
-5.9565062127291591e-14 2.6151034533149871e-13
-5.5182393982944975e-14 2.4226897973957684e-13
-5.1122172174030006e-14 2.2444326262923023e-13
-4.7314646373637296e-14 2.0772696394831707e-13
-4.3833576034399852e-14 1.9244391202953388e-13
-4.0608609462871382e-14 1.7828524127472457e-13
-3.7620878025177141e-14 1.6516811254650615e-13
-3.4853006079081746e-14 1.5301623721273418e-13
-3.2288772406288812e-14 1.4175840151573209e-13
-2.9913151924083973e-14 1.3132864014705841e-13
-2.7712277642063414e-14 1.216660721804524e-13
-2.5673338578950996e-14 1.1271445550615824e-13
-2.3784330341529879e-14 1.0442108362161755e-13
-2.203427962690202e-14 9.6737782442076851e-14
-2.0413019752216569e-14 8.9619914954312241e-14
-1.8897439867555332e-14 8.2966017415347626e-14
-1.7506954085808852e-14 7.686132365509411e-14
-1.6218731385393638e-14 7.1205599236014659e-14
-1.5025282170479178e-14 6.5965962717155535e-14
-1.3919671778020244e-14 6.1111968437767988e-14
-1.2879267698705233e-14 5.6544250112313948e-14
-1.1931527422346085e-14 5.2383355677229535e-14
-1.1047060780977408e-14 4.8500254346925369e-14
-1.0234101019803581e-14 4.493109148164433e-14
-9.4808672250538337e-15 4.1624146958537504e-14
-8.7719152539322026e-15 3.8511613059431939e-14
-8.1263275573719597e-15 3.5677268814699753e-14
-7.5269544196879548e-15 3.3045822392938903e-14
-6.9730093849811511e-15 3.0613821140157064e-14
-6.4516037247824285e-15 2.8324677616273553e-14
-5.9767441495543853e-15 2.6239886682188905e-14
-5.5368984748441723e-15 2.4308818141824071e-14
-5.1279690224718678e-15 2.251348208734552e-14
-4.7506199473217232e-15 2.0856794388782103e-14
-4.4008537384671516e-15 1.9321206105498134e-14
-4.0705174263676846e-15 1.7870920277694941e-14
-3.7709642205264046e-15 1.6555782767198147e-14
-3.4913312652405237e-15 1.5328101648385806e-14
-3.2343270718740456e-15 1.419976830395044e-14
-2.9957049173333114e-15 1.3152138010734426e-14
-2.7753508411516181e-15 1.218471189079415e-14
-2.567854501225488e-15 1.1273734272965051e-14
-2.3789581310754149e-15 1.044441564552867e-14
-2.2008006191329575e-15 9.6622451566560483e-15
-2.0378097930428987e-15 8.9466608631161433e-15
-1.8880030137226849e-15 8.2889611743882528e-15
-1.7471852120738924e-15 7.6707244348286848e-15
-1.6169134034082336e-15 7.0987878741286683e-15
-1.4978943493785884e-15 6.5762550795497334e-15
-1.3854941727181626e-15 6.0827809960116719e-15
-1.283491939019718e-15 5.6349571513711847e-15
-1.1877158358024548e-15 5.2144677904093258e-15
-1.1002525708456688e-15 4.8304749523897118e-15
-1.0192237905566458e-15 4.4747315107854417e-15
-9.4390625787397142e-16 4.1440624812793092e-15
-8.7458014943523385e-16 3.8396979777536736e-15
-8.0927120192251232e-16 3.5529698800523984e-15
-7.4964612379325992e-16 3.2911955372154144e-15
-6.9373338183041103e-16 3.045719916638439e-15
-6.4299724722885411e-16 2.8229721472509118e-15
-5.9508351587328693e-16 2.6126150311344064e-15
-5.5145136030736305e-16 2.4210553295850229e-15
-5.104234511852495e-16 2.240929090538798e-15
-4.7253636100379804e-16 2.0745921027854261e-15
-4.3803864848096605e-16 1.9231355447813821e-15
-4.0541249993144351e-16 1.7798958088290456e-15
-3.7512731686339954e-16 1.646933823543123e-15
-3.4875522493937874e-16 1.5311511910992333e-15
-3.2402326286970439e-16 1.4225699833548944e-15
-3.0112760069216476e-16 1.3220509301986538e-15
-2.7945930401029559e-16 1.2269200997622476e-15
-2.5917244239825182e-16 1.137854125437389e-15
-2.4043764860091973e-16 1.0556020511766768e-15
-2.2296526341108481e-16 9.7889238280985449e-16
-2.0645015362378201e-16 9.0638533130091582e-16
-1.9115605367967562e-16 8.3923899749288742e-16
-1.7703960633385242e-16 7.7726297710945083e-16
-1.6387736474955009e-16 7.1947632157209199e-16
-1.519897950169344e-16 6.6728603095998551e-16
-1.4090587943648437e-16 6.1862404077240018e-16
-1.3048700471174086e-16 5.7288166727355457e-16
-1.2076850068553338e-16 5.302141039111805e-16
-1.1174000534351635e-16 4.905761205412909e-16
-1.0094775444433929e-16 4.4319452826331003e-16
-9.1310796516467603e-17 4.0088483486458437e-16
-8.2350859983041958e-17 3.6154764533939366e-16
-7.4454998630607782e-17 3.2688232384814808e-16
-6.7594666105740639e-17 2.9676308415887445e-16
-6.1756339159978221e-17 2.7113092422549238e-16
-5.6171449798614923e-17 2.4661141123110138e-16
-5.085673946496029e-17 2.2327806777650048e-16
-4.5604648637655187e-17 2.0021960312642091e-16
-4.0674941936009135e-17 1.7857660106403867e-16
-3.6420122350059006e-17 1.5989661786412889e-16
-3.2480945178909163e-17 1.4260234896362367e-16
-2.9033196728464728e-17 1.2746561600802321e-16
-2.6054420140475353e-17 1.1438787215661275e-16
-2.3520861732223143e-17 1.0326472893639286e-16
-2.1249464361180998e-17 9.3292523425524695e-17
-1.9284993780616339e-17 8.4667735205057063e-17
-1.7606630207230621e-17 7.7299214621086946e-17
-1.6050247105311826e-17 7.046617008679282e-17
-1.4620712150139405e-17 6.4189975058760036e-17
-1.3290705549665553e-17 5.8350810136494831e-17
-1.2174270829535791e-17 5.3449283690719326e-17
-1.1162587817567855e-17 4.9007654944728057e-17
-1.0241265136873044e-17 4.4962722349915852e-17
-9.2261051125000111e-18 4.0505815873774614e-17
-8.2021615720347015e-18 3.6010336771621411e-17
-7.229332404333728e-18 3.1739273117543589e-17
-6.4484041393652218e-18 2.8310722790853358e-17
-5.7343756751309802e-18 2.5175864582442668e-17
-5.0548683870794055e-18 2.2192579330023355e-17
-4.5255993350422624e-18 1.9868906198176248e-17
-4.0531710265159789e-18 1.7794797669799349e-17
-3.562145442072996e-18 1.5639070878836206e-17
-3.0949351241385616e-18 1.3587883445612322e-17
-2.715624026260139e-18 1.1922580291708958e-17
-2.3578175145605633e-18 1.0351681730496658e-17
-1.2837219405841323e-18 5.6359472457854442e-18
1.8625503372452524e-18 -8.0749541549243469e-18
6.0083515834376979e-18 -2.3769143776177236e-17
1.0265553214851064e-17 -3.5486087327745726e-17
1.5287877351213032e-17 -4.4562728854908953e-17
1.949063472740766e-17 -4.9392526155133327e-17
3.5760513967131444e-17 -6.2462911795341012e-17
6.0586981403501599e-17 -7.4646232051921992e-17
6.9598759544097981e-17 -7.8090808917444829e-17
5.2319707676652269e-17 -7.8067684836775091e-17
3.5415038265517683e-17 -8.2670325689883167e-17
1.9382468416383389e-17 -9.112107374368568e-17
5.1965262128216141e-18 -1.0515924471528187e-16
-1.3824028396150308e-17 -1.338292269770127e-16
-2.164163209556796e-17 -1.5479837359515027e-16
-2.3815153915876776e-17 -1.6701079842185184e-16
-2.4012066560573178e-17 -1.7150561396753535e-16
-2.4118567298570861e-17 -1.6968772942163114e-16
-2.4436019139528398e-17 -1.6616148982337239e-16
-2.491449843487454e-17 -1.6094844090761853e-16
-2.5293533418803968e-17 -1.5540990622840854e-16
-2.5510487355022923e-17 -1.4767761325186328e-16
-2.5472589058461926e-17 -1.4171579078734085e-16
-2.5449471287556474e-17 -1.4113733923082859e-16
-2.4853398311087888e-17 -1.3593870639483381e-16
-2.4969750212359822e-17 -1.3633136957983364e-16
-2.8448534473274687e-17 -1.5517982352307957e-16
-3.0631854489933284e-17 -1.6574207679476905e-16
-3.1755079070512394e-17 -1.7084060576229939e-16
-3.1994689069923542e-17 -1.7190241913959654e-16
-3.141279311425888e-17 -1.6932636310481433e-16
-3.0539241566894547e-17 -1.6538615204148009e-16
-2.9307444336144933e-17 -1.5965334233936944e-16
-2.787970414501405e-17 -1.5275492597861123e-16
-2.6373894671423883e-17 -1.451863059110982e-16
-2.3199968543467435e-17 -1.285441741513678e-16
-1.7604161866038665e-17 -9.8380523451601554e-17
-1.3541051902712407e-17 -7.5872689917358362e-17
-1.0493207058715176e-17 -5.8637559520822785e-17
-8.201107744221459e-18 -4.5500318208588901e-17
-7.0191422082322707e-18 -3.8683242429215741e-17
-7.9140587356478297e-18 -4.3848782263525598e-17
-8.5497806993935255e-18 -4.7500115616110615e-17
-9.423390568764017e-18 -5.2488120333968464e-17
-1.0163962674802847e-17 -5.6681795014125615e-17
-1.1225221404502008e-17 -6.2652745013071219e-17
-1.2561307392821291e-17 -7.0131856408203815e-17
-1.3256405388971076e-17 -7.4006310570745603e-17
-1.382248061075055e-17 -7.715206663062475e-17
-1.4611034183256415e-17 -8.1528240374842802e-17
-1.660966004027725e-17 -9.2615402143809399e-17
-1.9857216056975526e-17 -1.106350711519079e-16
-1.9070891979795503e-17 -1.0626905021127936e-16
-1.8209503378032942e-17 -1.0148267449367051e-16
-1.7424949469011716e-17 -9.711956399598975e-17
-1.6553167214449986e-17 -9.2267463444296992e-17
-1.564402873463799e-17 -8.7203829587788591e-17
-1.50315776180741e-17 -8.3790838906909647e-17
-1.4725393160695298e-17 -8.2083688197286526e-17
-1.427672887393131e-17 -7.9581482141693517e-17
-1.3828764475416071e-17 -7.7082764496071384e-17
-1.29851340199791e-17 -7.2376913984413512e-17
-1.1976437357496487e-17 -6.6750535042455905e-17
-1.1049307828142491e-17 -6.1579704170018251e-17
-1.0195927141631092e-17 -5.6820905415139692e-17
-9.4102252022195607e-18 -5.2440246342358276e-17
-8.932044611530938e-18 -4.9774562034771115e-17
-8.6936332988409494e-18 -4.8445741473127569e-17
-8.7479544940330483e-18 -4.8748404232584051e-17
-9.1954916004344629e-18 -5.1242277451121228e-17
-9.3889800105023213e-18 -5.2320411077473235e-17
-9.4144305818231717e-18 -5.2462221627752886e-17
-9.2509759850864587e-18 -5.1551490617122223e-17
-8.998298610341658e-18 -5.0143624570618394e-17
-8.3859062395098754e-18 -4.6731473142658445e-17
-7.3628994230435686e-18 -4.103121518516428e-17
-6.6205441249289145e-18 -3.6894713252847084e-17
-6.1270056975643984e-18 -3.4144565393030085e-17
-5.6880513173774359e-18 -3.1698496856222937e-17
-5.2691832334931285e-18 -2.9364308829092912e-17
-4.7313431714060843e-18 -2.6367043682420076e-17
-4.1330028987251298e-18 -2.3032544919739309e-17
-3.5087112444330825e-18 -1.9553424546570703e-17
-1.8974524641454439e-18 -1.0574010304568137e-17
1.7076763989076759e-19 9.517206049538912e-19
-1.8394472489068014e-18 -8.7034175911145803e-18
-5.5312257937888357e-18 -2.4237937302953493e-17
-8.301948637361606e-18 -3.4466964633780988e-17
-1.0113419010090306e-17 -4.0700754244530634e-17
-1.1199915651483065e-17 -4.432436432196797e-17
-1.1674034570654397e-17 -4.5897536080648072e-17
-1.1787513654695829e-17 -4.627740935398092e-17
-1.160785630483674e-17 -4.565573075943668e-17
-1.0724865394746842e-17 -4.2501173472525374e-17
-9.6035449844946286e-18 -3.8381030516068946e-17
-8.0510401117554688e-18 -3.2475749404790402e-17
-5.4009177104192366e-18 -2.2129239698355589e-17
-3.2816702548097881e-18 -1.3657198283795443e-17
-8.6322059908449552e-19 -3.7753953077543561e-18
7.0448152395648972e-19 2.8422269879993592e-18
4.1306284439623321e-18 1.3391658224763429e-17
2.5909332657184574e-17 6.8578559821270593e-17
3.2562589863668554e-17 7.9991744199686314e-17
3.8271586396907435e-17 8.6668760068357139e-17
4.2625666760540645e-17 9.0033069510511951e-17
4.5784480698790298e-17 9.1583355385142257e-17
4.7518305296327294e-17 9.1893725387183035e-17
6.0561533784299819e-17 9.0644392476283319e-17
8.8068957775180849e-17 8.2974106432852887e-17
1.0814042885881969e-16 7.0921063310779499e-17
1.2246470420547945e-16 5.7955099269516087e-17
1.2306390930300728e-16 5.6974851435308597e-17
1.2342262387342583e-16 5.5796712784225366e-17
1.2297133995883456e-16 5.1821036351187412e-17
1.2109376599482038e-16 4.2902292732889345e-17