0 0
0.0032590238750619632 0
0.011977955562571254 0
0.024528137194989186 0
0.039764490152546531 0
0.056884286252457068 0
0.075324557400949191 0
0.094690745686580827 0
0.11470598931726582 0
0.13517653832993026 0
0.15596506199273297 -4.5714923777256901e-29
0.17684251480197088 -2.5316257665221404e-25
0.19742190977181201 -2.0650505476198421e-24
0.21741447877040124 -2.0503466849190765e-24
0.23662824568641358 -1.6012274699155511e-24
0.25494292043625588 -2.19966829884997e-24
0.27229041381284241 -2.5556959394361621e-24
0.28864087688232509 -2.5515204842483985e-24
0.30399170633776706 -1.8510226671826572e-24
0.3183594454235773 -1.5495464456043298e-24
0.33177374820764421 -1.7796664108409213e-24
0.34427297974014864 -1.8395590200723558e-24
0.35590073091740199 -2.7800799628456895e-24
0.36670352757888464 -3.5825547759981824e-24
0.37672966259132673 -3.4416949064951577e-24
0.38602678033176469 -3.6615787697682107e-24
0.39464169805264621 -3.8892097111758707e-24
0.40261977365117957 -3.9693272027899336e-24
0.4100045541418173 -3.4833238494159203e-24
0.41683753958622555 -3.375276395667249e-24
0.42315783752465425 -3.8784361099190327e-24
0.42900255984908964 -3.9727979796677542e-24
0.43440634169062159 -3.6190939583257685e-24
0.43940157601730351 -3.4912157878504358e-24
0.44401848861467946 -3.4616139328882512e-24
0.44828522994137149 -3.4647417502261961e-24
0.45222797767987255 -3.4643870664471192e-24
0.4558710439999395 -3.6963538251961522e-24
0.4592369849149765 -3.7013701308870848e-24
0.46234671399840038 -3.7539880746011387e-24
0.4652196068974449 -3.9081942714003877e-24
0.46787359539922058 3.8669474561478515e-22
0.47032529516067034 3.858978239473369e-22
0.47259007009261544 3.8839508991862455e-22
0.47468213058933384 3.8847214864718598e-22
0.47661461689829715 3.8841137479632566e-22
0.47839967725484578 3.8767306811060708e-22
0.48004854090928967 3.8767261348590427e-22
0.48157158570543152 3.8762780687316741e-22
0.48297839844173918 3.8751052703120728e-22
0.4842778409480154 3.875910878771684e-22
0.48547809303609513 3.8755822292157046e-22
0.48658672962003247 3.8756424269446383e-22
0.48761074139394761 3.8592731278870707e-22
0.48855658654594786 3.8592812060453962e-22
0.48943023112793471 3.8592803605327219e-22
0.49023718641906439 3.8670329437927183e-22
0.49098253961931065 3.9062204732358696e-22
0.49167098507029994 4.4128363266637854e-22
0.49230687907918613 2.9880712138437087e-22
0.49289421465108152 2.990972520147464e-22
0.49343671015450813 2.9907009590126086e-22
0.49393779068443711 2.989964156505368e-22
0.49440063963338571 3.0048820345440567e-22
0.49482814306396428 3.0042977420563117e-22
0.49522300040967016 3.0040350774288647e-22
0.49558770496300086 3.0038708899998668e-22
0.49592455960893 2.7907265874902329e-22
0.49623569135944456 2.8191647741627126e-22
0.4965230647800688 2.775022643892834e-22
0.49678849439249667 2.8099308237468514e-22
0.49703365613115963 2.7010445676665751e-22
0.49726009792569664 2.7313856760697632e-22
0.49746924947586674 2.8288607450048424e-22
0.49766243111586694 2.7379292252275833e-22
0.49784086240981296 2.2842799376113209e-22
0.49800567100658144 2.0687671276403307e-22
0.49815789685688416 1.8151647205639795e-22
0.49829849942922855 1.9250668901352252e-22
0.49842836733941243 2.2152665052599251e-22
0.49854832035344193 2.5916279694253045e-22
0.4986591156200128 2.895558740688945e-22
0.49876145245326392 3.1390300304996368e-22
0.49885597675026333 2.2151130414351251e-22
0.49894329543348293 2.1049522800785057e-23
0.49902394756885965 -1.150993899843181e-22
0.49909844148073695 -7.8366216565815135e-23
0.49916724748798408 -1.1190532718593482e-22
0.49923079998328479 -1.8921103657870071e-22
0.49928949989053673 -2.803061454235629e-22
0.49934371832380853 -2.6806047276880712e-22
0.49939379742331619 -2.6251880973978608e-22
0.4994400532161769 -3.0188304955421141e-22
0.49948277743071806 -2.802635057694778e-22
0.49952223991259276 -3.1769904566655458e-22
0.49955868972871703 -3.9577323158613653e-22
0.49959235692105297 -3.9558324479396022e-22
0.49962345395987551 -3.4847731207994955e-22
0.49965217708605564 -3.040556157744941e-22
0.49967870741926818 -3.067175810339546e-22
0.49970321239130283 -3.074920212667214e-22
0.49972584672686626 -2.8369782246448545e-22
0.49974675310485606 -2.8252732601743047e-22
0.49976606348254593 -4.0058882056908986e-21
0.49978389973724946 -1.4561445528429207e-20
0.49980037450442505 -2.4315925357788806e-20
0.49981559166697775 -3.3329568258775053e-20
0.49982964723751006 -4.1199557652170067e-20
0.49984262989635758 -4.1202999878673792e-20
0.49985462155157112 -4.1215320247657018e-20
0.49986569783062784 -4.1228331825250668e-20
0.49987592865020342 -3.6855822032431046e-20
0.4998853786103204 -3.1264877823474391e-20
0.49989410775053611 -2.6097603024762277e-20
0.49990217070471332 -2.1326153958713137e-20
0.49990961831012026 -1.691801640794607e-20
0.49991649752429501 -1.284362436023731e-20
0.49992285172112111 -9.0816173027136871e-21
0.49992872096429025 -5.607756588980487e-21
0.49993414233366296 -2.3961301250851427e-21
0.49993915026677754 5.6812233899135707e-22
0.49994377636112075 3.3065348682722453e-21
0.49994804980155305 5.1755111181498846e-21
0.49995197895135879 4.0646716318570365e-21
0.4999556110592705 8.2877142017895463e-22
0.49995896855664496 -3.1187305142988332e-21
0.49996207218188987 -6.8036399147402708e-21
0.49996494110819956 -9.3343915725236045e-21
0.49996759306165367 -1.0895151958497662e-20
0.49997004443040638 -1.231287128247682e-20
0.49997231036563827 -1.3676251527767786e-20
0.49997440487489231 -1.4902434002810212e-20
0.49997634090836784 -1.4902566766961659e-20
0.49997813043870493 -1.4922090473708314e-20
0.49997978453474906 -1.4469016209153521e-20
0.49998131342975055 -1.3563893087209341e-20
0.49998272658441961 -1.2727227124033559e-20
0.49998403274522263 -1.1953865429135423e-20
0.49998524329366689 -1.1238950869809913e-20
0.49998636109514166 -1.0578206795576277e-20
0.49998739334327946 -9.9677403547830652e-21
0.49998834666682296 -9.4035495272986879e-21
0.49998922717424088 -8.8819202505307525e-21
0.49999004049481288 -8.4002668664317886e-21
0.4999907918164585 -7.9551903888549765e-21
0.49999148592057885 -7.3856622765499146e-21
0.49999212721414271 -6.6288979089520657e-21
0.4999927197592251 -5.9289465766997563e-21
0.49999326865075927 -5.2798049094004993e-21
0.49999377589313926 -4.6797253455697413e-21
0.49999424463790848 -4.1250827330358183e-21
0.49999467779852741 -3.6124787104251796e-21
0.49999507806834947 -3.1406768822229631e-21
0.49999544793723111 -2.7047578642635872e-21
0.49999578970690173 -2.3479273948819138e-21
0.49999610550515955 -2.3490810798604862e-21
0.4999963972990088 -2.2187512498592293e-21
0.49999666690679423 -2.2181814482842777e-21
0.49999691600943158 -2.2181595418802994e-21
0.4999971461607769 -2.2182375403612344e-21
0.49999735879722884 -2.2195519865172129e-21
0.49999755524658956 -2.22073900848225e-21
0.49999773673627124 -2.2109232832574164e-21
0.49999790440087188 -2.1117876760937403e-21
0.49999805928919533 -2.0197919845215325e-21
0.49999820237071263 -1.8522580399373516e-21
0.49999833463505444 -1.6974243011260602e-21
0.4999984571677718 -1.5514798513344809e-21
0.49999857068488912 -1.4169792685237441e-21
0.49999867584974789 -1.2926410172425571e-21
0.49999877327688275 -1.1773717082085882e-21
0.49999886353561279 -1.0706106113961416e-21
0.49999894715336829 -9.7266471139254107e-22
0.49999902461877277 -8.827694938917657e-22
0.49999909638449819 -7.9821096781441935e-22
0.49999916286991025 -7.2035947857228862e-22
0.49999922446351908 -6.4817162206416651e-22
0.4999992815252492 -5.809474690549564e-22
0.49999933438854299 -5.1843093219481251e-22
0.4999993833623092 -4.8701958985327191e-22
0.49999942873272796 -4.5846406799694606e-22
0.4999994707649229 -4.3208558791315042e-22
0.49999950970451096 -4.0834096276173384e-22
0.49999954577903705 -3.8622564735365479e-22
0.49999957919930416 -3.6587520724917144e-22
0.4999996101606049 -3.4709265302584036e-22
0.49999963884386278 -3.2973760904450963e-22
0.49999966541668966 -3.1375877151915735e-22
0.4999996900343649 -2.8555989155341594e-22
0.49999971284074285 -2.5935231094470488e-22
0.49999973396909347 -2.2368012354240984e-22
0.49999975354288123 -2.0079967752649508e-22
0.49999977167648635 -1.7959092266917285e-22
0.49999978847587323 -1.6888961255438165e-22
0.49999980403920974 -1.5915056155840143e-22
0.4999998184574409 -1.5019363350603961e-22
0.49999983181482027 -1.419772958851337e-22
0.49999984418940224 -1.3441975119410658e-22
0.49999985565349825 -1.2746535693483176e-22
0.49999986627409904 -1.2104018703025754e-22
0.49999987611326668 -1.1508481451932342e-22
0.49999988522849675 -1.0468997650377043e-22
0.49999989367305447 -9.499429525044861e-23
0.49999990149628598 -8.5955080331214978e-23
0.49999990874390671 -7.7541240380690562e-23
0.49999991545826827 -6.9727711219723436e-23
0.49999992167860646 -6.5807728048149565e-23
0.49999992744127009 -6.5285284208273169e-23
0.49999993277993349 -6.4892332884396574e-23
0.49999993772579343 -6.194621295434173e-23
0.49999994230775119 -5.9202803432670775e-23
0.49999994655258168 -5.665862406934391e-23
0.49999995048508977 -5.4292420142656813e-23
0.49999995412825521 -5.2094413339546966e-23
0.49999995750336695 -5.0055622154571096e-23
0.49999996063014768 -4.8162842717904053e-23
0.49999996352686887 -4.4861925192594792e-23
0.49999996621045761 -4.0341701790589275e-23
0.49999996869659558 -3.6105159715545335e-23
0.49999997099981064 -3.2149527685877467e-23
0.4999999731335617 -2.8464103607419199e-23
0.49999997511031757 -2.5035900450385344e-23
0.4999999769416294 -2.2832816764881689e-23
0.49999997863819851 -2.0800586063452913e-23
0.49999998020993891 -1.9762996411402818e-23
0.49999998166603515 -1.8824245824226851e-23
0.49999998301499599 -1.7967370047366415e-23
0.49999998426470416 -1.7182943684365326e-23
0.49999998542246243 -1.6462441904780326e-23
0.49999998649503613 -1.5798821603938576e-23
0.4999999874886929 -1.5186644019022935e-23
0.49999998840923926 -1.4621002550278384e-23
0.49999998926205441 -1.3643657742953015e-23
0.49999999005212187 -1.2729347468332544e-23
0.49999999078405849 -1.1877222676228932e-23
0.49999999146214125 -1.1084451782009107e-23
0.49999999209033258 -1.0348385291831365e-23
0.49999999267230344 -9.6677421080838419e-24
0.49999999322898747 9.9846635579824096e-19
0.49999999374507137 -7.5913908124647781e-19
0.49999999422012409 -6.0793125460240886e-18
0.49999999465875816 -1.7392005181877694e-17
0.49999999506450754 -3.5803597529919389e-17
0.499999995440921 -6.1299092193497311e-17
0.49999999578764975 -8.9031668707706095e-17
0.49999999610759954 -1.1429189532746122e-16
0.49999999640474074 -1.3558406781827425e-16
0.49999999667921657 -1.5410571977455917e-16
0.49999999693163105 -1.7102866804012375e-16
0.4999999971637441 -1.8663421687949253e-16
0.49999999737909073 -2.0453429816770553e-16
0.49999999757822561 -2.2108578796074499e-16
0.49999999776221854 -2.3258326111382962e-16
0.49999999793222782 -2.3783396986394204e-16
0.49999999808948675 -2.3741032090844328e-16
0.49999999823446817 -2.3188819185426463e-16
0.49999999836822029 -2.2208015046323537e-16
0.49999999849162613 -2.0613586286229592e-16
0.4999999986059695 -1.8373085968478269e-16
0.4999999987115657 -1.5761267045150592e-16
0.49999999880921514 -1.301866191126004e-16
0.49999999889951263 -1.0322371250919641e-16
0.49999999898295211 -7.8749610517823687e-17
0.49999999906013842 -5.8124028644699048e-17
0.49999999913117554 -4.1625920891781701e-17
0.49999999919702692 -2.7211987185935241e-17
0.49999999925790156 -1.471748555517212e-17
0.49999999931419642 -4.4699603545331517e-18
0.4999999993659654 3.490735150529985e-18
0.49999999941402162 9.9226306524956072e-18
0.49999999945824392 1.5287878072916942e-17
0.49999999949943108 2.0545220036217242e-17
0.49999999953738822 2.5064831325259583e-17
0.49999999957242069 2.8443553730245284e-17
0.49999999960487296 3.0642635497029946e-17
0.49999999963477615 3.1608446944523082e-17
0.49999999966249309 3.1559117541398884e-17
0.49999999968807812 3.0628090598594647e-17
0.4999999997117589 2.9031622737906771e-17
0.49999999973357218 2.6998414699306761e-17
0.49999999975372333 2.4778943622293694e-17
0.49999999977227527 2.2383286342688681e-17
0.49999999978954007 1.9760630390497843e-17
0.49999999980547732 1.7150414795218511e-17
0.49999999982019222 1.4743779699556002e-17
0.49999999983377769 1.2628287554759438e-17
0.49999999984636989 1.0790249657698021e-17
0.49999999985794119 9.2128843485557318e-18
0.49999999986863591 7.7143933376517035e-18
0.49999999987854177 6.2679161652482423e-18
0.49999999988768468 4.9518057918813404e-18
0.49999999989614913 3.7616919433304881e-18
0.49999999990400612 2.7553798158413258e-18
0.49999999991127136 1.9632826826003268e-18
0.49999999991794247 1.3752505476367534e-18
0.49999999992414929 9.2128569086925749e-19
0.49999999992988597 6.051083981452173e-19
0.4999999999351728 4.0764661745905358e-19
0.49999999994007877 2.9979201439823988e-19
0.4999999999446067 2.608266256637614e-19
0.4999999999487994 2.6095188935846038e-19
0.49999999995267452 2.8031797380753966e-19
0.4999999999562334 3.1229429355829391e-19
0.49999999995952732 3.4687083772457014e-19
0.49999999996257177 3.7544893318686052e-19
0.49999999996537897 4.1197222333105514e-19
0.4999999999680057 4.4196672327248137e-19
0.49999999997042693 4.3110934113628145e-19
0.49999999997264893 3.8221886535135209e-19
0.49999999997470002 3.0217102698134312e-19
0.49999999997661138 2.0365912778541987e-19
0.49999999997837113 1.0023645452612597e-19
0.49999999998000288 5.0898809369901103e-21
0.4999999999815074 -7.2691779250657215e-20
0.49999999998290445 -1.3294969529942874e-19
0.4999999999841962 -1.7431221526391351e-19
0.49999999998537825 -1.9611334055584622e-19
0.4999999999864787 -2.0618845188922338e-19
0.49999999998750028 -2.0610295073085497e-19
0.49999999998843259 -1.9686218692500683e-19
0.49999999998930278 -1.8291286709904832e-19
0.49999999999010253 -1.6484759905346646e-19
0.49999999999084926 -1.4507686376882802e-19
0.49999999999153633 -1.2670758700071691e-19
0.49999999999217715 -1.1237253854016477e-19
0.49999999999276384 -1.0340438625109959e-19
0.49999999999330469 -9.8248906037719323e-20
0.49999999999381139 -9.6730900671384175e-20
0.49999999999427719 -9.8549094197991486e-20
0.49999999999470518 -1.0136116567169805e-19
0.49999999999510575 -1.031877328073584e-19
0.49999999999547401 -1.0254080389952886e-19
0.49999999999581296 -9.9582481596581193e-20
0.49999999999612932 -9.5571464623022918e-20
0.4999999999964207 -9.1320895328932373e-20
0.49999999999669009 -8.7004342172496852e-20
0.49999999999693773 -8.2294109415135115e-20
0.49999999999716943 -7.7839342770860778e-20
0.49999999999738365 -7.456127359140363e-20
0.49999999999758143 -7.3670876422168632e-20
0.49999999999776412 -7.4453583684592746e-20
0.49999999999793315 -7.5708523498328849e-20
0.49999999999808969 -7.6068028941756813e-20
0.49999999999823397 -7.5179724651496273e-20
0.49999999999836575 -7.3046787201591782e-20
0.49999999999848915 -7.0618572604378343e-20
0.49999999999860384 -6.9283028198004881e-20
0.49999999999870826 -6.8522912832996177e-20
0.49999999999880573 -6.7818207033669414e-20
0.49999999999889594 -6.7402352714600206e-20
0.49999999999897937 -6.792855137336186e-20
0.49999999999905637 -6.8647956418457354e-20
0.49999999999912764 -6.830644184087717e-20
0.49999999999919342 -6.6588942126511913e-20
0.49999999999925432 -6.3983511548714096e-20
0.4999999999993105 -6.0913775465327182e-20
0.49999999999936262 -5.781119293153395e-20
0.4999999999994108 -5.5189146379519106e-20
0.49999999999945521 -5.3284134727810198e-20
0.49999999999949629 -5.2048444579597556e-20
0.49999999999953421 -5.1237532850581396e-20
0.49999999999956918 -5.0545003548083539e-20
0.4999999999996016 -4.9857659030968559e-20
0.49999999999963152 -4.8978324394815925e-20
0.49999999999965922 -4.7808648542975432e-20
0.49999999999968486 -4.631883728545523e-20
0.49999999999970857 -4.4617633749093146e-20
0.49999999999973055 -4.2866526990498799e-20
0.49999999999975092 -4.1089182157585215e-20
0.49999999999976957 -3.9295381195520234e-20
0.49999999999978689 -3.7557307285183509e-20
0.49999999999980299 -3.5860277612823713e-20
0.49999999999981781 -3.418687887162273e-20
0.49999999999983152 -3.2572477534290398e-20
0.49999999999984429 -3.0999139833778842e-20
0.499999999999856 -2.946029422745754e-20
0.49999999999986683 -2.7916020392090788e-20
0.49999999999987688 -2.6352553181513839e-20
0.49999999999988626 -2.4800162747359364e-20
0.49999999999989486 -2.3285469172301414e-20
0.4999999999999028 -2.1828011102197979e-20
0.49999999999991018 -2.0439364633843537e-20
0.4999999999999169 -1.914215684203437e-20
0.49999999999992323 -1.7938678346082663e-20
0.499999999999929 -1.6822362303407178e-20
0.49999999999993433 -1.5774623074390458e-20
0.49999999999993922 -1.4797461377290921e-20
0.49999999999994382 -1.3879927424837044e-20
0.49999999999994799 -1.3036839765922835e-20
0.49999999999995187 -1.2237397429260619e-20
0.49999999999995542 -1.1475901193652586e-20
0.4999999999999587 -1.0750168571598012e-20
0.49999999999996181 -1.0057456357258099e-20
0.49999999999996464 -9.4013903319997195e-21
0.4999999999999673 -8.7797987511656302e-21
0.49999999999996975 -8.1933432828867758e-21
0.49999999999997202 -7.6418953342977937e-21
0.49999999999997413 -7.1234022207890818e-21
0.49999999999997607 -6.6397449722947949e-21
0.49999999999997791 -6.1833464923477068e-21
0.49999999999997963 -5.7558659051603788e-21
0.49999999999998124 -5.3542598579714592e-21
0.49999999999998263 -4.9785455359963816e-21
0.49999999999998396 -4.6246985475620476e-21
0.49999999999998512 -4.299839769502662e-21
0.49999999999998629 -3.9864836720673e-21
0.49999999999998734 -3.6964719869326447e-21
0.49999999999998834 -3.4254165819046026e-21
0.49999999999998929 -3.1735497434239763e-21
0.49999999999999006 -2.9395657029173229e-21
0.49999999999999079 -2.7234407755193409e-21
0.49999999999999151 -2.5219560210655067e-21
0.49999999999999212 -2.3409201188087809e-21
0.49999999999999273 -2.170294731155998e-21
0.49999999999999334 -2.0123289307768594e-21
0.49999999999999389 -1.8650504369257983e-21
0.49999999999999439 -1.7295441366086721e-21
0.49999999999999478 -1.6090251456642185e-21
0.49999999999999517 -1.4962834659314088e-21
0.49999999999999556 -1.3911985709167082e-21
0.49999999999999589 -1.292941636977467e-21
0.49999999999999623 -1.2008541216672583e-21
0.49999999999999656 -1.1153370011517802e-21
0.49999999999999684 -1.0350868356577727e-21
0.49999999999999711 -9.5751874797230804e-22
0.49999999999999734 -8.85315535524003e-22
0.49999999999999756 -8.1923370012815209e-22
0.49999999999999778 -7.5859085659197531e-22
0.49999999999999795 -7.0193659330582567e-22
0.49999999999999811 -6.4901652853472402e-22
0.49999999999999828 -6.0028025611305841e-22
0.49999999999999845 -5.5628386304915807e-22
0.49999999999999861 -5.1516325821572454e-22
0.49999999999999872 -4.770196469341845e-22
0.49999999999999883 -4.4158892287738171e-22
0.49999999999999895 -4.0865986141952637e-22
0.49999999999999906 -3.7812086664117998e-22
0.49999999999999911 -3.4969465880203037e-22
0.49999999999999917 -3.2322652573890606e-22
0.49999999999999922 -2.985437244284719e-22
0.49999999999999928 -2.7560665254016084e-22
0.49999999999999933 -2.5453021616858561e-22
0.49999999999999939 -2.3485632231948274e-22
0.49999999999999944 -2.1687267341187648e-22
0.4999999999999995 -2.0032525739140908e-22
0.4999999999999995 -1.8383720446061638e-22
0.4999999999999995 -1.6836045415588344e-22
0.49999999999999956 -1.5444970703626173e-22
0.49999999999999956 -1.4140773984218214e-22
0.49999999999999956 -1.2964131880598196e-22
0.49999999999999961 -1.1890804842816161e-22
0.49999999999999961 -1.092266274301981e-22
0.49999999999999967 -1.0045217861133915e-22
0.49999999999999967 -9.2238846670506571e-23
0.49999999999999967 -8.4997554889817894e-23
0.49999999999999967 -7.8411600329882946e-23
0.49999999999999967 -7.2190386388361342e-23
0.49999999999999967 -6.6571671315157869e-23
0.49999999999999967 -6.1465151721814693e-23
0.49999999999999967 -5.6805958098253214e-23
0.49999999999999967 -5.2471137189508608e-23
0.49999999999999967 -4.8519864825602242e-23
0.49999999999999967 -4.4906347099806887e-23
0.49999999999999967 -4.1612010122487509e-23
0.49999999999999967 -3.8604329443002986e-23
0.49999999999999967 -3.5853696300962872e-23
0.49999999999999967 -3.3334330133198801e-23
0.49999999999999967 -3.1026670691993671e-23
0.49999999999999967 -2.88980312056815e-23
0.49999999999999967 -2.6934128106216828e-23
0.49999999999999967 -2.5114090386956082e-23
0.49999999999999967 -2.342430015886716e-23
0.49999999999999967 -2.1846239943354283e-23
0.49999999999999967 -2.0376513089348231e-23
0.49999999999999967 -1.9000401580972663e-23
0.49999999999999967 -1.7714745889179474e-23
0.49999999999999967 -1.6513473655177368e-23
0.49999999999999967 -1.5388680476402157e-23
0.49999999999999967 -1.4335352124258278e-23
0.49999999999999967 -1.3350076897355979e-23
0.49999999999999967 -1.2429049365265279e-23
0.49999999999999967 -1.1569379802157439e-23
0.49999999999999967 -1.0767298861088609e-23
0.49999999999999967 -1.0019738687134292e-23
0.49999999999999967 -9.3235396240662651e-24
0.49999999999999967 -8.6756232572843368e-24
0.49999999999999967 -8.0728967674343279e-24
0.49999999999999967 -7.5124856534594582e-24
0.49999999999999967 -6.9915453333820712e-24
0.49999999999999967 -6.5072484460881397e-24
0.49999999999999967 -6.0570978482159662e-24
0.49999999999999967 -5.6386298816189093e-24
0.49999999999999967 -5.2495626976590643e-24
0.49999999999999967 -4.8877222589616562e-24
0.49999999999999967 -4.5511136459837531e-24
0.49999999999999967 -4.2378875761337265e-24
0.49999999999999967 -3.9463559114222343e-24
0.49999999999999967 -3.6749446893995268e-24
0.49999999999999967 -3.4222011756902643e-24
0.49999999999999967 -3.186808353870785e-24
0.49999999999999967 -2.9675506619752574e-24
0.49999999999999967 -2.7633040044476109e-24
0.49999999999999967 -2.5730368779178855e-24
0.49999999999999967 -2.3957912086092425e-24
0.49999999999999967 -2.2306871591787044e-24
0.49999999999999967 -2.0769030634738474e-24
0.49999999999999967 -1.9336745519658168e-24
0.49999999999999967 -1.8002861547427897e-24
0.49999999999999967 -1.6760794707227929e-24
0.49999999999999967 -1.5604272032391911e-24
0.49999999999999967 -1.4527501389359872e-24
0.49999999999999967 -1.3525051192534513e-24
0.49999999999999967 -1.2591819174039733e-24
0.49999999999999967 -1.1723064699246785e-24
0.49999999999999967 -1.0914347258282403e-24
0.49999999999999967 -1.016151145528735e-24
0.49999999999999967 -9.460693421608021e-25
0.49999999999999967 -8.8082808739609753e-25
0.49999999999999967 -8.2009406722980932e-25
0.49999999999999967 -7.6355216804165626e-25
0.49999999999999967 -7.1091263760245244e-25
0.49999999999999967 -6.6190463903614516e-25
0.49999999999999967 -6.1627626211617539e-25
0.49999999999999967 -5.7379409059115275e-25
0.49999999999999967 -5.3424036424395648e-25
0.49999999999999967 -4.9741186650569082e-25
0.49999999999999967 -4.6312086398388854e-25
0.49999999999999967 -4.3119282839913833e-25
0.49999999999999967 -4.0146472777714999e-25
0.49999999999999967 -3.7378510006735715e-25
0.49999999999999967 -3.4801305167812996e-25
0.49999999999999967 -3.2401727139628579e-25
0.49999999999999967 -3.0167527466603715e-25
0.49999999999999967 -2.8087346673143295e-25
0.49999999999999967 -2.615057362616254e-25
0.49999999999999967 -2.4347342508235992e-25
0.49999999999999967 -2.2668451549138926e-25
0.49999999999999967 -2.1105351298438675e-25
0.49999999999999967 -1.9650039757679587e-25
0.49999999999999967 -1.8295094619738664e-25
0.49999999999999967 -1.7033595905936134e-25
0.49999999999999967 -1.5859093486404377e-25
0.49999999999999967 -1.4765593202400725e-25
0.49999999999999967 -1.3747502303175726e-25
0.49999999999999967 -1.2799617360296169e-25
0.49999999999999967 -1.1917093541502453e-25
0.49999999999999967 -1.1095418677638576e-25
0.49999999999999967 -1.0330398621130915e-25
0.49999999999999967 -9.6181267608614174e-26
0.49999999999999967 -8.9549647740898992e-26
0.49999999999999967 -8.3375243513415204e-26
0.49999999999999967 -7.7626563777726319e-26
0.49999999999999967 -7.2274301153177193e-26
0.49999999999999967 -6.7291078484152426e-26
0.49999999999999967 -6.2651468403701009e-26
0.49999999999999967 -5.833172859341573e-26
0.49999999999999967 -5.430982807101063e-26
0.49999999999999967 -5.0565221725347568e-26
0.49999999999999967 -4.7078808280108798e-26
0.49999999999999967 -4.3832779728450348e-26
0.49999999999999967 -4.0810588870342973e-26
0.49999999999999967 -3.7996791591369898e-26
0.49999999999999967 -3.5376976181019634e-26
0.49999999999999967 -3.2937769285855089e-26
0.49999999999999967 -3.0666740004688039e-26
0.49999999999999967 -2.8552268650690716e-26
0.49999999999999967 -2.6583556478574702e-26
0.49999999999999967 -2.4750568100416902e-26
0.49999999999999967 -2.3043958742830802e-26
0.49999999999999967 -2.145501920186918e-26
0.49999999999999967 -1.9975642453137353e-26
0.49999999999999967 -1.8598280961324357e-26
0.49999999999999967 -1.7315911352794281e-26
0.49999999999999967 -1.6121964969625521e-26
0.49999999999999967 -1.5010345237641075e-26
0.49999999999999967 -1.3975385915450668e-26
0.49999999999999967 -1.3011796685710567e-26
0.49999999999999967 -1.2114629100103554e-26
0.49999999999999967 -1.1279299714673812e-26
0.49999999999999967 -1.0501544611212786e-26
0.49999999999999967 -9.7774061759127112e-27
0.49999999999999967 -9.1032085224557757e-27
0.49999999999999967 -8.4755023732345997e-27
0.49999999999999967 -7.8910706538492755e-27
0.49999999999999967 -7.3469338161523531e-27
0.49999999999999967 -6.8403122272209654e-27
0.49999999999999967 -6.3686379917090782e-27
0.49999999999999967 -5.9294729070939871e-27
0.49999999999999967 -5.5205996539842854e-27
0.49999999999999967 -5.1399269871031084e-27
0.49999999999999967 -4.7855041313017833e-27
0.49999999999999967 -4.4555230148017444e-27
0.49999999999999967 -4.1482900484007844e-27
0.49999999999999967 -3.8622519740516804e-27
0.49999999999999967 -3.595938774726933e-27
0.49999999999999967 -3.3479891413702004e-27
0.49999999999999967 -3.1171360478983308e-27
0.49999999999999967 -2.902207865614976e-27
0.49999999999999967 -2.7020959022785164e-27
0.49999999999999967 -2.515786995987696e-27
0.49999999999999967 -2.3423278833971128e-27
0.49999999999999967 -2.1808271207814204e-27
0.49999999999999967 -2.0304477046976423e-27
0.49999999999999967 -1.8904380968305464e-27
0.49999999999999967 -1.7600702379385517e-27
0.49999999999999967 -1.6387073638250804e-27
0.49999999999999967 -1.5257267735741053e-27
0.49999999999999967 -1.4205336926816124e-27
0.49999999999999967 -1.3225887454408317e-27
0.49999999999999967 -1.231403980541254e-27
0.49999999999999967 -1.1464943288125261e-27
0.49999999999999967 -1.0674405351716102e-27
0.49999999999999967 -9.9383069954819984e-28
0.49999999999999967 -9.2528576716075073e-28
0.49999999999999967 -8.6147452874908713e-28
0.49999999999999967 -8.0207960439907206e-28
0.49999999999999967 -7.4678442600532406e-28
0.49999999999999967 -6.9529856409718083e-28
0.49999999999999967 -6.4735162247365489e-28
0.49999999999999967 -6.0270057003159967e-28
0.49999999999999967 -5.611246419174846e-28
0.49999999999999967 -5.2242766537344129e-28
0.49999999999999967 -4.863919317925197e-28
0.49999999999999967 -4.5284481444850389e-28
0.49999999999999967 -4.2160482212570656e-28
0.49999999999999967 -3.9252415548969915e-28
0.49999999999999967 -3.654451205451588e-28
0.49999999999999967 -3.4024417248180917e-28
0.49999999999999967 -3.16776806564795e-28
0.49999999999999967 -2.9493218911247623e-28
0.49999999999999967 -2.7460027010707352e-28
0.49999999999999967 -2.556611405664011e-28
0.49999999999999967 -2.3803824401541756e-28
0.49999999999999967 -2.2163567996145332e-28
0.49999999999999967 -2.0635668176051326e-28
0.49999999999999967 -1.9213876953863731e-28
0.49999999999999967 -1.78908806342972e-28
0.49999999999999967 -1.6658309374816429e-28
0.49999999999999967 -1.5510062484613278e-28
0.49999999999999967 -1.4439916994075722e-28
0.49999999999999967 -1.344416847401003e-28
0.49999999999999967 -1.2517883831368251e-28
0.49999999999999967 -1.1655105243341785e-28
0.49999999999999967 -1.0850989039364603e-28
0.49999999999999967 -1.0101819808455736e-28
0.49999999999999967 -9.4039088042870003e-29
0.49999999999999967 -8.7536119112744674e-29
0.49999999999999967 -8.1495180274071105e-29
0.49999999999999967 -7.5880441654373021e-29
0.49999999999999967 -7.0655519309195387e-29
0.49999999999999967 -6.5797319168592517e-29
0.49999999999999967 -6.1280705695756322e-29
0.49999999999999967 -5.7080908026126717e-29
0.49999999999999967 -5.3174127238807925e-29
0.49999999999999967 -4.9536297286122309e-29
0.49999999999999967 -4.6143421790223829e-29
0.49999999999999967 -4.2971597640442183e-29
0.49999999999999967 -4.0008009639188642e-29
0.49999999999999967 -3.7239808162386629e-29
0.49999999999999967 -3.4644097565384642e-29
0.49999999999999967 -3.224079282995449e-29
0.49999999999999967 -2.9997528291719167e-29
0.49999999999999967 -2.7923886852885614e-29
0.49999999999999967 -2.6004387828998378e-29
0.49999999999999967 -2.4210496354164037e-29
0.49999999999999967 -2.2551029786741161e-29
0.49999999999999967 -2.1009709701273707e-29
0.49999999999999967 -1.9581073736654921e-29
0.49999999999999967 -1.8250439145386301e-29
0.49999999999999967 -1.7017163939213117e-29
0.49999999999999967 -1.5868130906716315e-29
0.49999999999999967 -1.4805007588944248e-29
0.49999999999999967 -1.3815448130498195e-29
0.49999999999999967 -1.2898791120453485e-29
0.49999999999999967 -1.2043649371706818e-29
0.49999999999999967 -1.1238526156715332e-29
0.49999999999999967 -1.0482853633601156e-29
0.49999999999999967 -9.7761592263512757e-30
0.49999999999999967 -9.1180273452078649e-30
0.49999999999999967 -8.5080182002248846e-30
0.49999999999999967 -7.9350673682169547e-30
0.49999999999999967 -7.3989473860350569e-30
0.49999999999999967 -6.899304812620782e-30
0.49999999999999967 -6.4358056463591965e-30
0.49999999999999967 -5.9974966478701189e-30
0.49999999999999967 -5.5838133445976732e-30
0.49999999999999967 -5.1946456456204685e-30
0.49999999999999967 -4.8297791736411354e-30
0.49999999999999967 -4.4891240166836385e-30
0.49999999999999967 -4.1725477175062405e-30
0.49999999999999967 -3.8798559435659178e-30
0.49999999999999967 -3.6112500801220398e-30
0.49999999999999967 -3.3666044204935245e-30
0.49999999999999967 -3.1457757673992753e-30
0.49999999999999967 -2.9376800054345681e-30
0.49999999999999967 -2.7420909804794785e-30
0.49999999999999967 -2.5588198254632367e-30
0.49999999999999967 -2.387883500457916e-30
0.49999999999999967 -2.2291713868351717e-30
0.49999999999999967 -2.0825693794190554e-30
0.49999999999999967 -1.9479632911755916e-30
0.49999999999999967 -1.8254341434172161e-30
0.49999999999999967 -1.7037843960596211e-30
0.49999999999999967 -1.5827930332536377e-30
0.49999999999999967 -1.4623671498531696e-30
0.49999999999999967 -1.3533678117256298e-30
0.49999999999999967 -1.2559974781946648e-30
0.49999999999999967 -1.1702070167301788e-30
0.49999999999999967 -1.085008893769356e-30
0.49999999999999967 -1.000329689513633e-30
0.49999999999999967 -9.1599119725241844e-31
0.49999999999999967 -8.431113668486806e-31
0.49999999999999967 -7.8163861647336587e-31
0.49999999999999967 -7.2069365762997916e-31
0.49999999999999967 -6.6014025253699471e-31
0.49999999999999967 -5.998379205898602e-31
0.49999999999999967 -5.3974323135830279e-31
0.49999999999999967 -4.909093207193205e-31
0.49999999999999967 -4.5339526390026789e-31
0.49999999999999967 -4.1637329898936046e-31
0.49999999999999967 -3.7973653050998352e-31
0.49999999999999967 -3.4328883412133583e-31
0.49999999999999967 -3.0700412329379675e-31
0.49999999999999967 -2.7098939953191669e-31
0.49999999999999967 -2.3499957929800897e-31
0.49999999999999967 -1.9906011749012556e-31
0.49999999999999967 -1.6321085507815037e-31
0.49999999999999967 -1.3847895553155918e-31
0.49999999999999967 -1.1398840244617986e-31
0.49999999999999967 -8.9647964536745098e-32
0.49999999999999967 -6.5441912366113758e-32
0.49999999999999967 -4.1372156102345041e-32
0.49999999999999967 -1.7370039282205166e-32
0.49999999999999967 -4.4406908204325292e-33
0.49999999999999967 8.1536086740741907e-33
0.49999999999999967 2.059377802437337e-32
0.49999999999999967 3.2897452979548098e-32
0.49999999999999967 4.511280674042681e-32
0.49999999999999967 5.7184551731632931e-32
0.49999999999999967 6.9323984644049251e-32
0.49999999999999967 8.1901224528316549e-32
0.49999999999999967 9.4044045352971914e-32
0.49999999999999967 9.1640319037165284e-32
0.49999999999999967 5.2693261504270826e-32
0.49999999999999967 4.053122019348641e-32
0.49999999999999967 4.1862801215957106e-32
0.49999999999999967 6.376926077893546e-32
0.49999999999999967 1.0353795464549989e-31
0.49999999999999967 1.7837122904879022e-31
0.49999999999999967 2.5240902685136216e-31
0.49999999999999967 3.6569940493155542e-31
0.49999999999999967 3.8431344842065726e-31
0.49999999999999967 4.0295118303871577e-31
0.49999999999999967 3.7590094732930974e-31
0.49999999999999967 3.3334410319739341e-31
0.49999999999999967 2.5504935902931912e-31
0.49999999999999967 1.8884730960151305e-31
0.49999999999999967 1.3590873460253479e-31
0.49999999999999967 8.8694475474173167e-32
0.49999999999999967 5.9585804811414327e-32
0.49999999999999967 2.5042922679881818e-32
0.49999999999999967 -1.0162164904485973e-32
0.49999999999999967 -4.9995523568635017e-32
0.49999999999999967 -7.8753826737962794e-32
0.49999999999999967 -1.1930372718520195e-31
0.49999999999999967 -2.0285037776222405e-31
0.49999999999999967 -2.9762112793016303e-31
0.49999999999999967 -3.9016426646082111e-31
0.49999999999999967 -4.5207180677177025e-31
0.49999999999999967 -4.9448775812636363e-31
0.49999999999999967 -5.1747753810773231e-31
0.49999999999999967 -5.1793975158348763e-31
0.49999999999999967 -4.9136424833511987e-31
0.49999999999999967 -4.2303032443946426e-31
0.49999999999999967 -3.7668081773615312e-31
0.49999999999999967 -3.0395999139473315e-31
0.49999999999999967 -2.6602394343742527e-31
0.49999999999999967 -3.0360787268829778e-31
0.49999999999999967 -3.565150038173309e-31
0.49999999999999967 -4.6992566783373109e-31
0.49999999999999967 -7.2267226659276969e-31
0.49999999999999967 -1.1984164051558281e-30
0.49999999999999967 -1.5369984580017215e-30
0.49999999999999967 -1.6009129572996498e-30
0.49999999999999967 -1.482227584065195e-30
0.49999999999999967 -1.2011319781080235e-30
0.49999999999999967 -7.7947804685240316e-31
0.49999999999999967 -4.0054988224860516e-31
0.49999999999999967 -7.7173794351597463e-32
0.49999999999999967 2.7543186597433089e-31
0.49999999999999967 7.093122877597017e-31
0.49999999999999967 1.162256526340119e-30
0.49999999999999967 1.5863714428433211e-30
0.49999999999999967 1.9384851501986326e-30
0.49999999999999967 2.2077657483006215e-30
0.49999999999999967 2.3833226151102852e-30
0.49999999999999967 2.4693091007777544e-30
0.49999999999999967 2.4586774395248529e-30
0.49999999999999967 2.3821025345302189e-30
0.49999999999999967 2.2505569000946663e-30
