0 0
0.00051341872560276252 -8.4704769514027146e-06
0.0020168178793559689 -0.00012417075948192751
0.0045324977808907513 -0.00058287440342076277
0.0081314546893362857 -0.0017307186137098809
0.012799217653592362 -0.0039752844079659639
0.018383251338448828 -0.0077055783228553235
0.024610604918535152 -0.01321355467987168
0.031145899542658582 -0.020649034347151894
0.037655336986812726 -0.030015715704923073
0.043853785149026846 -0.041197463762417202
0.049526832229979299 -0.053998097303677002
0.054532099177250964 -0.068180028774458751
0.058787650608267364 -0.0834947190173181
0.062255731284790512 -0.099704112644769236
0.064926603538256286 -0.116591948433559
0.066805806055022773 -0.13396969829593516
0.06790517596835581 -0.15167815113143432
0.068237460193699709 -0.16958540454205903
0.067813478644177472 -0.18758494297647829
0.066641222424903085 -0.2055924195990402
0.064726967864126614 -0.22353535753511253
0.062113325623333715 -0.24120870054872073
0.058923634643013111 -0.25833372570201057
0.055327944760184662 -0.27473157801109904
0.051505999280056884 -0.29030545085514459
0.047622600834137482 -0.30501572430879931
0.043812888067599212 -0.31885954348701723
0.040177002304773148 -0.33185509396315455
0.036780634137710495 -0.34403121258953578
0.033659222343869095 -0.35542149092183745
0.030823666303904058 -0.36606083795680688
0.028266987544374768 -0.37598460419065594
0.025970295319812837 -0.3852280575327604
0.023907964193527764 -0.39382641821015174
0.022051800428990888 -0.40181476666265126
0.020373827196905493 -0.40922817387916599
0.018848446688705733 -0.41610125100655898
0.017453440441923963 -0.42246797894580268
0.016170360673850432 -0.42836142553709561
0.014984364993238358 -0.43381369032117467
0.01388398286490883 -0.43885531398474387
0.012860377863644062 -0.44351558846233247
0.0119068579065461 -0.44782217409901437
0.011018273372140071 -0.45180113933617633
0.010190528876463904 -0.4554769662460923
0.0094201995674562788 -0.45887253403467981
0.0087042426069109322 -0.4620091334835833
0.0080397981205591537 -0.46490652104164865
0.0074240687591645644 -0.46758298714702068
0.0068542615072668938 -0.47005543376151193
0.0063275701535763368 -0.47233946868614002
0.0058411898929630222 -0.47444948695237588
0.0053923477893612366 -0.47639875281014382
0.0049783299041509755 -0.47819951989638421
0.0045965214518962245 -0.47986308156968005
0.0042444304866687994 -0.48139986731914997
0.0039197083217786697 -0.482819514373722
0.0036201649652352302 -0.48413092260507568
0.0033437727238282327 -0.4853423212044401
0.0030886683686644784 -0.48646131027721851
0.0028531440664652306 -0.48749492284168866
0.0026356418273747483 -0.488449654593545
0.0024347414693705644 -0.48933150679404508
0.0022491434747812485 -0.49014604443979815
0.002077664121826691 -0.49089839838549565
0.001919221717711723 -0.49159330490773206
0.0017728234533571686 -0.4922351451617929
0.0016375563972278221 -0.49282796950282648
0.0015125788465829022 -0.4933755237757782
0.0013971157395654523 -0.49388126080766781
0.0012904479520895046 -0.49434838227308597
0.0011919111877747989 -0.49477984035897615
0.0011008898653786364 -0.49517836368638884
0.001016813698747366 -0.49554647264194446
0.00093915962348114525 -0.49588647211431602
0.00086743900445437894 -0.49620050944471139
0.0008011995411426416 -0.49649056762245014
0.00074002274379976918 -0.49675847798018985
0.00068352159160502005 -0.49700593186913439
0.00063133833557538633 -0.49723449141559817
0.00058314242676099192 -0.49744559943206323
0.00053862863169659291 -0.4976405882337217
0.00049751511571465143 -0.4978206883582344
0.00045954118662849499 -0.49798703858456067
0.00042446672785503706 -0.4981406884377137
0.00039207006544058986 -0.49828260744153829
0.0003621468082077944 -0.49841369006952635
0.00033450772104866761 -0.49853476491029797
0.0003089783429070103 -0.49864659619777119
0.00028539758977099756 -0.49874988979850948
0.00026361671274991935 -0.49884529766839908
0.00024349602067180211 -0.49893343212890151
0.00022491115217525219 -0.49901483833046745
0.0002077451643850028 -0.49909002887771248
0.00019188982139109223 -0.49915947816775047
0.0001772450705522661 -0.49922362467836945
0.00016371857632154857 -0.49928287301399926
0.0001512247919164147 -0.49933759798245919
0.00013968488125045949 -0.49938814494816874
0.00012902602278711784 -0.49943483289484214
0.00011918098893890468 -0.49947795627964198
0.00011008760010622791 -0.49951778743450043
0.00010168845396430017 -0.49955457775979489
9.3930533436725107e-05 -0.49958855944719616
8.6764870735388765e-05 -0.49961994695495943
8.0146239153839122e-05 -0.49964893836000018
7.4032882209685145e-05 -0.49967571654512094
6.8386227927754963e-05 -0.4997004504503566
6.3170616227745731e-05 -0.49972329626640888
5.8353155191973017e-05 -0.49974439806322524
5.3903479730562169e-05 -0.49976388884607226
4.979349707484714e-05 -0.49978189166926174
4.5997242105614345e-05 -0.49979852026893057
4.2490768758110279e-05 -0.49981387953797751
3.9251954467754643e-05 -0.49982806638208732
3.626035904447643e-05 -0.49984117033751974
3.3497086586227881e-05 -0.49985327417573849
3.0944624145848673e-05 -0.49986445460998624
2.858679700701877e-05 -0.49987478249117112
2.6408731230379299e-05 -0.49988432297196977
2.4401896420742349e-05 -0.49989311341834297
2.2543178344812233e-05 -0.49990125507672589
2.0828480142945206e-05 -0.49990876589250338
1.9241752081983263e-05 -0.49991571616744412
1.7779435567754628e-05 -0.49992212148894105
1.6425229455972919e-05 -0.49992805325988865
1.5176306109679505e-05 -0.49993352386585044
1.4019547604917287e-05 -0.49993859076646346
1.2953805317419639e-05 -0.4999432589928271
1.196682752026462e-05 -0.49994758221051105
1.1056895527705342e-05 -0.49995156794770268
1.0214655805531346e-05 -0.49995525717523281
9.4365118399844205e-06 -0.4999586656467232
8.7192132907088819e-06 -0.49996180759948544
8.0577024032694652e-06 -0.49996470518779645
7.4463751273407339e-06 -0.49996738295886245
6.8798264573087989e-06 -0.49996986458802495
6.3579090121286666e-06 -0.49997215072086026
5.8756531032014881e-06 -0.49997426312590226
5.4291147472131131e-06 -0.49997621907883333
5.017279887941089e-06 -0.49997802302149091
4.6369807144936609e-06 -0.49997968882971905
4.2848417139079931e-06 -0.49998123128914618
3.9602006746710537e-06 -0.49998265330042768
3.6605808369428071e-06 -0.49998396571240716
3.3833046416226697e-06 -0.4999851802534836
3.1273433789771585e-06 -0.49998630142966966
2.8912832303675582e-06 -0.49998733543385515
2.6725481511185288e-06 -0.49998829354977886
2.4709036801288859e-06 -0.49998917680444166
2.2841639194748494e-06 -0.49998999477263767
2.1119006785647747e-06 -0.49999074932995596
1.9523393784323153e-06 -0.49999144824950736
1.8050392210903466e-06 -0.49999209346210655
1.6690695273123099e-06 -0.49999268904436839
1.5429467935852416e-06 -0.49999324149440577
1.4266069076061994e-06 -0.49999375109305094
1.3186413471252767e-06 -0.49999422400998772
1.2191102145116628e-06 -0.49999465998195025
1.1270412628576358e-06 -0.49999506326763332
1.0420708760630707e-06 -0.4999954354597777
9.6332924127034119e-07 -0.49999578036838704
8.9071784844894414e-07 -0.49999609842496895
8.2394957610574255e-07 -0.49999639088719883
7.6168847312670359e-07 -0.49999666360687933
7.0401054393062427e-07 -0.49999691625108067
6.5077408579376177e-07 -0.49999714944049006
6.0172557329014691e-07 -0.49999736428562036
5.5693401341278885e-07 -0.49999756048421329
5.1500344221400524e-07 -0.49999774415094839
4.7657201338605192e-07 -0.4999979124905522
4.4128389860520107e-07 -0.49999806706164246
4.0794589259556456e-07 -0.49999821309075726
3.7749826998380352e-07 -0.49999834645925156
3.4970843009963463e-07 -0.49999846818597504
3.2365741665714057e-07 -0.49999858229619115
2.9947132489171611e-07 -0.49999868823756932
2.7718740104536825e-07 -0.49999878584696028
2.5673424704047727e-07 -0.49999887543710475
2.3742885125996491e-07 -0.49999895999977007
2.1995952302344805e-07 -0.49999903651998173
2.035048590861908e-07 -0.4999991085956994
1.8825747141200969e-07 -0.49999917538323191
1.7411930031801815e-07 -0.49999923731210627
1.6100165339766631e-07 -0.49999929477081823
1.4887116098371731e-07 -0.4999993479055358
1.3780317589348392e-07 -0.49999939638619395
1.2748648870949037e-07 -0.49999944157597137
1.1787475909306047e-07 -0.49999948367785074
1.0905286996762461e-07 -0.49999952232002287
1.0089286684794042e-07 -0.49999955806296181
9.3469460193895585e-08 -0.4999995905794164
8.6424086156255782e-08 -0.49999962143998961
7.9913497163905334e-08 -0.4999996499580649
7.389219117739578e-08 -0.49999967633295317
6.8325922748701813e-08 -0.49999970071465855
6.3184961702424872e-08 -0.49999972323340686
5.8428735393147039e-08 -0.49999974406691683
5.4032681980665794e-08 -0.49999976332277574
4.9969692326750031e-08 -0.4999997811197287
4.6216301269650538e-08 -0.49999979756055918
4.2763267755837098e-08 -0.49999981268574545
3.9533292095943132e-08 -0.49999982683388028
3.6561134347425732e-08 -0.49999983985270535
3.3784545888945294e-08 -0.49999985201488545
3.1217190487061893e-08 -0.49999986326056883
2.884551069326412e-08 -0.49999987364913928
2.666468805403071e-08 -0.49999988320170363
2.4652845501418699e-08 -0.49999989201409095
2.280134960953758e-08 -0.49999990012411899
2.1075227593107612e-08 -0.49999990768497798
1.9486614603749935e-08 -0.4999999146435134
1.8039267025912345e-08 -0.49999992098327145
1.6682358507634583e-08 -0.49999992692688383
1.5423559684684407e-08 -0.49999993244075136
1.4251358344301782e-08 -0.49999993757529998
1.3187914259951868e-08 -0.49999994223346372
1.2197611109822715e-08 -0.49999994657125135
1.1277792732804566e-08 -0.49999995060029745
1.0432023992718928e-08 -0.499999954304987
9.6479805473347788e-09 -0.49999995773930367
8.9243127811455973e-09 -0.49999996090915905
8.2557005877522726e-09 -0.49999996383785661
7.6362166320273754e-09 -0.49999996655135953
7.0624147109009257e-09 -0.49999996906476318
6.5297540133127934e-09 -0.49999997139795743
6.0352755960826952e-09 -0.49999997356390313
5.5765787555733906e-09 -0.4999999755731161
5.1526970890406958e-09 -0.49999997742982921
4.7610166604947795e-09 -0.49999997914549216
4.4046606227511285e-09 -0.49999998070642476
4.07599785470575e-09 -0.49999998214605362
3.7709661538890164e-09 -0.49999998348217223
3.4865745283586197e-09 -0.49999998472788204
3.2263672190838238e-09 -0.49999998586765826
2.9847605039266198e-09 -0.49999998692595915
2.7607140827389518e-09 -0.49999998790734151
2.5534788825828426e-09 -0.49999998881508639
2.3621265993388905e-09 -0.49999998965325992
2.1848048827723942e-09 -0.49999999042997595
2.0200314350836825e-09 -0.49999999115172727
1.8691185310497345e-09 -0.49999999181276578
1.7287629111669846e-09 -0.4999999924275606
1.5984577213819734e-09 -0.49999999299833175
1.4775118549581148e-09 -0.49999999352810665
1.3658020537110002e-09 -0.49999999401742512
1.2624691279540349e-09 -0.49999999447005061
1.1667239030683631e-09 -0.49999999488944008
1.0778528905136469e-09 -0.49999999527871863
9.9637553803524547e-10 -0.49999999563561104
9.2099550931355288e-10 -0.49999999596579564
8.5133371336061623e-10 -0.49999999627093278
7.8748169626678198e-10 -0.49999999655062155
7.2783016781368315e-10 -0.49999999681191104
6.7329005525479323e-10 -0.49999999705081116
6.2196222886585545e-10 -0.49999999727564065
5.7478894986241351e-10 -0.49999999748227208
5.311622257798864e-10 -0.49999999767336872
4.9087881810245665e-10 -0.49999999784982069
4.536041068481134e-10 -0.49999999801309392
4.1929464055904417e-10 -0.49999999816337848
3.8762646551628148e-10 -0.49999999830209357
3.5843408870478322e-10 -0.4999999984299639
3.31540959764429e-10 -0.499999998547763
3.0647893975057097e-10 -0.49999999865754124
2.8335638999002579e-10 -0.49999999875882412
2.6200452615498016e-10 -0.49999999885235091
2.4218436854190802e-10 -0.49999999893916847
2.2383966049399948e-10 -0.49999999901952308
2.0677369942414358e-10 -0.49999999909427645
1.9123864956558931e-10 -0.49999999916232402
1.7674313464778141e-10 -0.49999999922581817
1.6343623256376797e-10 -0.49999999928410582
1.5106758385039033e-10 -0.49999999933828376
1.3962452835554279e-10 -0.49999999938840745
1.2903251311659647e-10 -0.49999999943480333
1.1936003600630998e-10 -0.49999999947717133
1.1033701815653426e-10 -0.4999999995166946
1.0199853710228173e-10 -0.49999999955321939
9.4269854322279461e-11 -0.49999999958707309
8.7124206267666266e-11 -0.49999999961837277
8.0559862819497205e-11 -0.49999999964712633
7.4445120787069215e-11 -0.49999999967391046
6.8787992737660199e-11 -0.49999999969869013
6.3571076139536523e-11 -0.49999999972154163
5.8769154938873942e-11 -0.49999999974257531
5.4303675129282369e-11 -0.49999999976213533
5.0191800323515981e-11 -0.49999999978014642
4.6386980202368363e-11 -0.49999999979681253
4.287343843391154e-11 -0.49999999981220283
3.9619192984039292e-11 -0.49999999982645721
3.66077061096445e-11 -0.49999999983964838
3.3840613322369657e-11 -0.49999999985176902
3.1272511226328087e-11 -0.49999999986301807
2.8898795614053047e-11 -0.49999999987341559
2.6707373866736289e-11 -0.49999999988301452
2.4679370963777077e-11 -0.49999999989189764
2.2804900139521458e-11 -0.49999999990010829
2.1075539073357756e-11 -0.49999999990768335
1.9474126551345775e-11 -0.49999999991469796
1.8003692807046013e-11 -0.49999999992113897
1.663173942034446e-11 -0.49999999992714839
1.536801958859963e-11 -0.49999999993268396
1.420258381262995e-11 -0.49999999993778899
1.3124134687763178e-11 -0.49999999994251276
1.2126946179289411e-11 -0.49999999994688077
1.1209629859543002e-11 -0.49999999995089883
1.0357548013073121e-11 -0.49999999995463112
9.571032828607858e-12 -0.4999999999580762
8.8445566206994441e-12 -0.49999999996125832
8.1725399869133389e-12 -0.49999999996420191
7.5527774010623372e-12 -0.49999999996691669
6.9782639714716167e-12 -0.49999999996943317
6.4480888721953718e-12 -0.49999999997175554
5.9583842941693032e-12 -0.4999999999739006
5.5038218902853435e-12 -0.49999999997589167
5.0841576606723144e-12 -0.49999999997772987
4.697579612691824e-12 -0.49999999997942313
4.341519122773545e-12 -0.49999999998098277
4.0110606576006703e-12 -0.49999999998243011
3.7058313725882065e-12 -0.49999999998376715
3.4236144158402934e-12 -0.49999999998500344
3.1631590134327134e-12 -0.49999999998614431
2.9217244512007233e-12 -0.49999999998720179
2.6998045804898391e-12 -0.49999999998817396
2.4946151872794536e-12 -0.49999999998907285
2.3050615146807481e-12 -0.4999999999899028
2.1299688007167687e-12 -0.49999999999066985
1.9679385678329483e-12 -0.49999999999137956
1.8181713730306739e-12 -0.49999999999203565
1.6795167730652153e-12 -0.499999999992643
1.551715613998675e-12 -0.49999999999320299
1.4336737114310573e-12 -0.49999999999372019
1.324575146789522e-12 -0.49999999999419825
1.2238281890038321e-12 -0.49999999999463945
1.1304887699244697e-12 -0.49999999999504852
1.0442828755510127e-12 -0.49999999999542605
9.6466896890662772e-13 -0.49999999999577566
8.9107365527501735e-13 -0.49999999999609807
8.2305963549830857e-13 -0.49999999999639599
7.6023621112191794e-13 -0.49999999999667111
7.0229061844612299e-13 -0.49999999999692479
6.4867652063762417e-13 -0.49999999999715966
5.9919390542412279e-13 -0.49999999999737621
5.5344757961263954e-13 -0.49999999999757644
5.1118975760674294e-13 -0.49999999999776135
4.7215705106412787e-13 -0.49999999999793232
4.3610400498029575e-13 -0.49999999999809031
4.0284058948561678e-13 -0.49999999999823636
3.7209469729142144e-13 -0.49999999999837125
3.4368675246589343e-13 -0.49999999999849554
3.1745026619504369e-13 -0.4999999999986105
2.9322305713245089e-13 -0.49999999999871664
2.7083996866213545e-13 -0.49999999999881467
2.5016728730836863e-13 -0.4999999999989051
2.3107562568903419e-13 -0.4999999999989887
2.1343503759748196e-13 -0.49999999999906591
1.9713932962259434e-13 -0.49999999999913725
1.8208578624686138e-13 -0.49999999999920341
1.6817665968847751e-13 -0.49999999999926437
1.5533114759890818e-13 -0.49999999999932054
1.4346624957203127e-13 -0.49999999999937217
1.3250522331669344e-13 -0.49999999999942019
1.2238549010855886e-13 -0.49999999999946459
1.1304608882534844e-13 -0.49999999999950517
1.0441766268262863e-13 -0.49999999999954309
9.644947722936827e-14 -0.49999999999957806
8.9090164123540033e-14 -0.49999999999961009
8.2288393146793573e-14 -0.49999999999963973
7.6005377245810915e-14 -0.4999999999996671
7.0201701646375381e-14 -0.49999999999969225
6.483896306666658e-14 -0.49999999999971567
5.9885192178266691e-14 -0.49999999999973765
5.5310818901124178e-14 -0.49999999999975764
5.1087131812781041e-14 -0.49999999999977607
4.7188772627875415e-14 -0.49999999999979322
4.3590074395578415e-14 -0.49999999999980832
4.0264557639910704e-14 -0.49999999999982253
3.7191227979965473e-14 -0.49999999999983635
3.4354556072487993e-14 -0.49999999999984635
3.1725079323179908e-14 -0.4999999999998524
2.9276469064544461e-14 -0.49999999999985778
2.6993000156455073e-14 -0.49999999999986272
2.4866371238132589e-14 -0.49999999999986727
2.2891879742972254e-14 -0.49999999999987127
2.1065032733151315e-14 -0.49999999999987443
1.937990158973361e-14 -0.49999999999987743
1.7834003963443062e-14 -0.49999999999988604
1.6428594416756873e-14 -0.49999999999988604
1.5144465459008982e-14 -0.49999999999988604
1.3965439617215905e-14 -0.49999999999988604
1.2881245510209912e-14 -0.49999999999988604
1.188478527473558e-14 -0.49999999999988604
1.09702910125855e-14 -0.49999999999988604
1.0132686449418588e-14 -0.49999999999988604
9.3667626316889744e-15 -0.49999999999988604
8.6671057084735618e-15 -0.49999999999988604
8.0281951696394904e-15 -0.49999999999988604
7.4443606969157464e-15 -0.49999999999988604
6.9099999027754161e-15 -0.49999999999988604
6.4196933907848687e-15 -0.49999999999988604
5.9684469872307116e-15 -0.49999999999988604
5.5517824765832438e-15 -0.49999999999988604
5.1657612238595481e-15 -0.49999999999988604
4.8070157957811314e-15 -0.49999999999988604
4.4727487718813664e-15 -0.49999999999988604
4.1606862675635487e-15 -0.49999999999988604
3.8689985234911669e-15 -0.49999999999988609
3.5970377243857355e-15 -0.49999999999989331
3.346667020883335e-15 -0.49999999999990047
3.1174297556358451e-15 -0.49999999999990691
2.9070433271195973e-15 -0.4999999999999134
2.7127152309368284e-15 -0.49999999999991901
2.531905237510593e-15 -0.49999999999992506
2.3624821888715724e-15 -0.49999999999993033
2.2028834465438475e-15 -0.49999999999993544
2.0518741295945385e-15 -0.49999999999994038
1.9088008728713729e-15 -0.49999999999994466
1.7732218098087264e-15 -0.49999999999994843
1.6448036315304292e-15 -0.49999999999995215
1.5231283389726454e-15 -0.49999999999995215
1.407182813472261e-15 -0.49999999999995215
1.296499205914024e-15 -0.49999999999995215
1.1913184461617423e-15 -0.49999999999995215
1.0922195984717945e-15 -0.49999999999995215
9.9983547522058495e-16 -0.49999999999995215
9.1467930562179144e-16 -0.49999999999995215
8.3704051591422184e-16 -0.49999999999995215
7.6694572609687534e-16 -0.49999999999995215
7.0416594209867086e-16 -0.49999999999995215
6.4825008819261259e-16 -0.49999999999995215
5.9858100875547871e-16 -0.49999999999995215
5.544294511317332e-16 -0.49999999999995215
5.1502820863748244e-16 -0.49999999999995215
4.7962011591062294e-16 -0.49999999999995215
4.4750514561400854e-16 -0.49999999999995215
4.1807141716501436e-16 -0.49999999999995215
3.9080841072829682e-16 -0.49999999999995215
3.6531470429915049e-16 -0.49999999999995215
3.4129446789151241e-16 -0.49999999999995215
3.185450399290728e-16 -0.49999999999995215
2.9694256821808591e-16 -0.49999999999995332
2.7650429767363279e-16 -0.49999999999995653
2.5743594706847685e-16 -0.49999999999995942
2.3977533136473072e-16 -0.49999999999996214
2.2340093350976944e-16 -0.49999999999996464
2.0817818974781014e-16 -0.49999999999996719
1.939608119312485e-16 -0.4999999999999693
1.8061466585060348e-16 -0.49999999999997158
1.6806581002143969e-16 -0.49999999999997385
1.5627774106594912e-16 -0.49999999999997546
1.4511203429181591e-16 -0.49999999999997741
1.345991913174396e-16 -0.49999999999997924
1.2473872229618505e-16 -0.49999999999998107
1.1549981451977941e-16 -0.49999999999998107
1.0674355658751161e-16 -0.49999999999998107
9.8403851552105664e-17 -0.49999999999998107
9.0480563400987046e-17 -0.49999999999998107
8.3007333100897135e-17 -0.49999999999998107
7.6027330227287528e-17 -0.49999999999998157
6.9623683796171684e-17 -0.49999999999998285
6.4452721637986243e-17 -0.49999999999998407
5.9905475264533914e-17 -0.4999999999999844
5.5714988224487377e-17 -0.4999999999999844
5.1833242353771674e-17 -0.4999999999999844
4.8221475653353174e-17 -0.4999999999999844
4.4850199577181327e-17 -0.4999999999999844
4.1697614084250229e-17 -0.4999999999999844
3.8747424997742708e-17 -0.4999999999999844
3.5987261903312218e-17 -0.4999999999999844
3.3407518100374068e-17 -0.4999999999999844
3.100032046661479e-17 -0.4999999999999844
2.8757799225991928e-17 -0.4999999999999844
2.667229849962972e-17 -0.4999999999999844
2.4736324853849763e-17 -0.4999999999999844
2.2942057906004431e-17 -0.4999999999999844
2.1278274653045828e-17 -0.4999999999999854
1.9760928845822637e-17 -0.49999999999998634
1.8388177212288641e-17 -0.49999999999998734
1.7144196660716023e-17 -0.49999999999998829
1.6014589395720433e-17 -0.49999999999998901
1.4961667965930028e-17 -0.49999999999998979
1.397647224169963e-17 -0.49999999999999056
1.3040247152532211e-17 -0.49999999999999134
1.2160260216047668e-17 -0.49999999999999201
1.1326934051711508e-17 -0.49999999999999267
1.0528874794996346e-17 -0.49999999999999267
9.7609798156387195e-18 -0.49999999999999267
9.0193491069759469e-18 -0.49999999999999267
8.3064841686273691e-18 -0.49999999999999267
7.6272767675489254e-18 -0.49999999999999295
6.9871058951373136e-18 -0.49999999999999356
6.4254444045149821e-18 -0.49999999999999406
5.9069905429455671e-18 -0.49999999999999406
5.4377148238488663e-18 -0.49999999999999406
5.0107190602690693e-18 -0.49999999999999406
4.6201590699140529e-18 -0.49999999999999406
4.262306408175036e-18 -0.49999999999999406
3.9345649163332814e-18 -0.49999999999999406
3.6346979566780461e-18 -0.49999999999999406
3.3604418126177663e-18 -0.49999999999999406
3.1098994578709636e-18 -0.49999999999999406
2.8811911166901088e-18 -0.49999999999999406
2.6721069938947141e-18 -0.49999999999999406
2.4806034617436592e-18 -0.49999999999999406
2.3048331266653143e-18 -0.49999999999999412
2.143370629966637e-18 -0.49999999999999412
1.9944300548016852e-18 -0.49999999999999412
1.8570534820588223e-18 -0.49999999999999456
1.7309313096926707e-18 -0.49999999999999484
1.6152985937391114e-18 -0.49999999999999512
1.5085267074330622e-18 -0.49999999999999539
1.4083510792480155e-18 -0.49999999999999573
1.3138637554203014e-18 -0.49999999999999606
1.2247981681941574e-18 -0.49999999999999628
1.1392663843778044e-18 -0.49999999999999656
1.0589572945216857e-18 -0.49999999999999684
9.8332382618948696e-19 -0.49999999999999706
9.1488572055381696e-19 -0.49999999999999722
8.5130450253924105e-19 -0.4999999999999975
7.9053499619110945e-19 -0.49999999999999767
7.335744450354e-19 -0.49999999999999767
6.7924197183038463e-19 -0.49999999999999767
6.2704944347123645e-19 -0.49999999999999767
5.773470657941786e-19 -0.49999999999999767
5.3030870865684443e-19 -0.49999999999999772
4.8636075153232048e-19 -0.49999999999999778
4.4595436198155945e-19 -0.49999999999999789
4.0944400248015736e-19 -0.499999999999998
3.77021404747405e-19 -0.499999999999998
3.4785078874843037e-19 -0.499999999999998
3.2147028667389597e-19 -0.499999999999998
2.9746561728879831e-19 -0.499999999999998
2.7553514469241898e-19 -0.499999999999998
2.5547447719499856e-19 -0.499999999999998
2.370174988118071e-19 -0.499999999999998
2.2001813994316563e-19 -0.499999999999998
2.0434687156594132e-19 -0.499999999999998
1.898592252982731e-19 -0.499999999999998
1.7643862985941336e-19 -0.499999999999998
1.6399646080546644e-19 -0.499999999999998
1.5245456622222094e-19 -0.499999999999998
1.4172527193530325e-19 -0.499999999999998
1.3174850461023487e-19 -0.499999999999998
1.2241759912064078e-19 -0.49999999999999806
1.1357389318295944e-19 -0.49999999999999817
1.0549656128251998e-19 -0.49999999999999822
9.8088709085933177e-20 -0.49999999999999828
9.1134543997348026e-20 -0.49999999999999833
8.4617409600324601e-20 -0.49999999999999839
7.8483575284591544e-20 -0.49999999999999845
7.2936218066539368e-20 -0.4999999999999985
6.7605965094962753e-20 -0.49999999999999856
6.2494119667411246e-20 -0.49999999999999861
5.7619411397286397e-20 -0.49999999999999867
5.2492630067888973e-20 -0.49999999999999872
4.7555612269741247e-20 -0.49999999999999878
4.2733472809451861e-20 -0.49999999999999883
3.9920020347348973e-20 -0.49999999999999883
3.720671451836763e-20 -0.49999999999999883
3.4599700510986546e-20 -0.49999999999999883
3.2121722358884894e-20 -0.49999999999999883
2.9781554025861871e-20 -0.49999999999999883
2.7587606925686973e-20 -0.49999999999999883
2.5501628368776536e-20 -0.49999999999999889
2.3527549070301404e-20 -0.49999999999999895
2.1743696538846667e-20 -0.49999999999999895
2.014810493347656e-20 -0.49999999999999906
1.870031242525637e-20 -0.49999999999999906
1.7360204919673275e-20 -0.49999999999999911
1.6098091192556191e-20 -0.49999999999999911
1.4954146161123509e-20 -0.49999999999999917
1.3883168785514473e-20 -0.49999999999999922
1.2878544394345122e-20 -0.49999999999999922
1.1940671020796704e-20 -0.49999999999999928
1.1058431201871889e-20 -0.49999999999999928
1.0285708655391991e-20 -0.49999999999999933
9.6627507317817118e-21 -0.49999999999999933
9.0504577525494128e-21 -0.49999999999999933
8.4483809649807606e-21 -0.49999999999999933
7.8654034305611943e-21 -0.49999999999999933
7.2981470392793048e-21 -0.49999999999999933
6.7538929749137846e-21 -0.49999999999999933
6.2550954426177981e-21 -0.49999999999999933
5.780914222304117e-21 -0.49999999999999933
5.3503471363220134e-21 -0.49999999999999939
4.9613835198451153e-21 -0.49999999999999939
4.6136979637249434e-21 -0.49999999999999944
4.2890664555645201e-21 -0.49999999999999944
3.989795461744437e-21 -0.49999999999999944
3.709670920995128e-21 -0.49999999999999944
3.449201895889287e-21 -0.49999999999999944
3.210079162609402e-21 -0.4999999999999995
2.9860926736664965e-21 -0.4999999999999995
2.7749252647588637e-21 -0.4999999999999995
2.5912316948508616e-21 -0.4999999999999995
2.4146007110818092e-21 -0.49999999999999956
2.2502877649050804e-21 -0.49999999999999956
2.0946640439655504e-21 -0.49999999999999956
1.9485455604896774e-21 -0.49999999999999956
1.8125056352871781e-21 -0.49999999999999961
1.6858472630111104e-21 -0.49999999999999961
1.5670780993813046e-21 -0.49999999999999961
1.4567846715161343e-21 -0.49999999999999961
1.3481522729822495e-21 -0.49999999999999961
1.249764267561282e-21 -0.49999999999999961
1.1559749860793465e-21 -0.49999999999999961
1.0702083273926479e-21 -0.49999999999999961
9.9393060840629157e-22 -0.49999999999999961
9.173587234419343e-22 -0.49999999999999961
8.4764625131863082e-22 -0.49999999999999961
7.8697039193986474e-22 -0.49999999999999961
7.2871427638630645e-22 -0.49999999999999961
6.7508385687820506e-22 -0.49999999999999961
6.2652150837100886e-22 -0.49999999999999961
5.8237670794670878e-22 -0.49999999999999961
5.4215121064106606e-22 -0.49999999999999961
5.0510030010615222e-22 -0.49999999999999961
4.7089134181077324e-22 -0.49999999999999961
4.3935579326701411e-22 -0.49999999999999961
4.0944035099071488e-22 -0.49999999999999961
3.8218032834311381e-22 -0.49999999999999961
3.5613093174773785e-22 -0.49999999999999961
3.3168566176316279e-22 -0.49999999999999961
3.0950043926119927e-22 -0.49999999999999961
2.8817454958828698e-22 -0.49999999999999961
2.6849089947841302e-22 -0.49999999999999961
2.500425439185694e-22 -0.49999999999999961
2.3281266395186969e-22 -0.49999999999999961
2.1674112829252414e-22 -0.49999999999999961
2.0175211669886749e-22 -0.49999999999999961
1.8777306388270695e-22 -0.49999999999999961
1.7473174885679506e-22 -0.49999999999999961
1.6259851063605599e-22 -0.49999999999999961
1.5130320498226136e-22 -0.49999999999999961
1.4079276045272297e-22 -0.49999999999999961
1.310210187773817e-22 -0.49999999999999961
1.2194218788976044e-22 -0.49999999999999961
1.1350143058466861e-22 -0.49999999999999961
1.0564512125436886e-22 -0.49999999999999961
9.8351565469740058e-23 -0.49999999999999961
9.1566040846393372e-23 -0.49999999999999961
8.5255202803221465e-23 -0.49999999999999961
7.9383601726859404e-23 -0.49999999999999961
7.3912274548376084e-23 -0.49999999999999961
6.8819688472661278e-23 -0.49999999999999961
6.4089415806129019e-23 -0.49999999999999961
5.9679114482403499e-23 -0.49999999999999961
5.5573011880606002e-23 -0.49999999999999961
5.1748570782237205e-23 -0.49999999999999961
4.818670237415648e-23 -0.49999999999999961
4.4869426806921564e-23 -0.49999999999999961
4.1778741846698238e-23 -0.49999999999999961
3.8899746085593708e-23 -0.49999999999999961
3.62182375285553e-23 -0.49999999999999961
3.3720685889712937e-23 -0.49999999999999961
3.1395955677018993e-23 -0.49999999999999961
2.9231074416214824e-23 -0.49999999999999961
2.7214958535414997e-23 -0.49999999999999961
2.5336873553304345e-23 -0.49999999999999961
2.3589038675122959e-23 -0.49999999999999961
2.196107826605216e-23 -0.49999999999999961
2.0446171889264217e-23 -0.49999999999999961
1.9035461799139269e-23 -0.49999999999999961
1.7722348110946634e-23 -0.49999999999999961
1.6500068362868443e-23 -0.49999999999999961
1.5362145531623435e-23 -0.49999999999999961
1.4303068512875396e-23 -0.49999999999999961
1.3317092008460473e-23 -0.49999999999999961
1.2399132406146574e-23 -0.49999999999999961
1.1544482292692535e-23 -0.49999999999999961
1.074870390371082e-23 -0.49999999999999961
1.0007640995388746e-23 -0.49999999999999961
9.3176410441356987e-24 -0.49999999999999961
8.6753708388002769e-24 -0.49999999999999961
8.0772221842869413e-24 -0.49999999999999961
7.5203756784085787e-24 -0.49999999999999961
7.0019134309299195e-24 -0.49999999999999961
6.5191806015854546e-24 -0.49999999999999961
6.0697164993970856e-24 -0.49999999999999961
5.6512645470365304e-24 -0.49999999999999961
5.2616069632485188e-24 -0.49999999999999961
4.8987994061767917e-24 -0.49999999999999961
4.5610446938348049e-24 -0.49999999999999961
4.2465728213425832e-24 -0.49999999999999961
3.9537606111185674e-24 -0.49999999999999961
3.6811372256801676e-24 -0.49999999999999961
3.4273252370125047e-24 -0.49999999999999961
3.1910110425907475e-24 -0.49999999999999961
2.9709790540713142e-24 -0.49999999999999961
2.7661221669660946e-24 -0.49999999999999961
2.5753925495072519e-24 -0.49999999999999961
2.397818833139474e-24 -0.49999999999999961
2.2324869181532993e-24 -0.49999999999999961
2.0785564888621715e-24 -0.49999999999999961
1.9352402229349293e-24 -0.49999999999999961
1.8018061883914685e-24 -0.49999999999999961
1.6775724310646993e-24 -0.49999999999999961
1.5619047749584506e-24 -0.49999999999999961
1.4542124145324714e-24 -0.49999999999999961
1.3539453362917573e-24 -0.49999999999999961
1.2605914962604391e-24 -0.49999999999999961
1.1736741903713982e-24 -0.49999999999999961
1.0927496286727418e-24 -0.49999999999999961
1.0174053652432643e-24 -0.49999999999999961
9.4725575179155531e-25 -0.49999999999999961
8.8194271925560261e-25 -0.49999999999999961
8.2113307871474587e-25 -0.49999999999999961
7.6451675672536518e-25 -0.49999999999999961
7.1180378067967095e-25 -0.49999999999999961
6.6272450653808934e-25 -0.49999999999999961
6.1702925909517126e-25 -0.49999999999999961
5.7448525702985441e-25 -0.49999999999999961
5.348747797400829e-25 -0.49999999999999961
4.9799517133665829e-25 -0.49999999999999961
4.636583735043632e-25 -0.49999999999999961
4.3168916495479522e-25 -0.49999999999999961
4.0192418640977613e-25 -0.49999999999999961
3.7421156262332334e-25 -0.49999999999999961
3.4840975645976904e-25 -0.49999999999999961
3.2438695783012989e-25 -0.49999999999999961
3.0202040982267634e-25 -0.49999999999999961
2.811962032954782e-25 -0.49999999999999961
2.6180784568223622e-25 -0.49999999999999961
2.4375622719179599e-25 -0.49999999999999961
2.2694925947415359e-25 -0.49999999999999961
2.1130113213380943e-25 -0.49999999999999961
1.967319410377357e-25 -0.49999999999999961
1.831672999208029e-25 -0.49999999999999961
1.7053793135625014e-25 -0.49999999999999961
1.5877934294167763e-25 -0.49999999999999961
1.4783150376339899e-25 -0.49999999999999961
1.376385201206693e-25 -0.49999999999999961
1.2814835731128762e-25 -0.49999999999999961
1.1931253703145194e-25 -0.49999999999999961
1.1108595511996705e-25 -0.49999999999999961
1.0342659382223317e-25 -0.49999999999999961
9.6295338608533005e-26 -0.49999999999999961
8.9655783681217958e-26 -0.49999999999999961
8.3474017438310313e-26 -0.49999999999999961
7.7718488513379175e-26 -0.49999999999999961
7.2359811723833131e-26 -0.49999999999999961
6.7370610888892973e-26 -0.49999999999999961
6.2725414960403942e-26 -0.49999999999999961
5.8400498503468898e-26 -0.49999999999999961
5.43737900000613e-26 -0.49999999999999961
5.0624727125410506e-26 -0.49999999999999961
4.7134161984043078e-26 -0.49999999999999961
4.388425942664855e-26 -0.49999999999999961
4.0858456618311761e-26 -0.49999999999999961
3.8041270605286761e-26 -0.49999999999999961
3.541832818109205e-26 -0.49999999999999961
3.2976228298583482e-26 -0.49999999999999961
3.07025098045578e-26 -0.49999999999999961
2.8585573008758488e-26 -0.49999999999999961
2.6614594614986236e-26 -0.49999999999999961
2.4779513499792562e-26 -0.49999999999999961
2.3070975882495811e-26 -0.49999999999999961
2.1480247873102697e-26 -0.49999999999999961
1.9999203916203201e-26 -0.49999999999999961
1.8620269177229812e-26 -0.49999999999999961
1.7336411031373937e-26 -0.49999999999999961
1.614106855540839e-26 -0.49999999999999961
1.5028148778980819e-26 -0.49999999999999961
1.3991980229937974e-26 -0.49999999999999961
1.3027248564052357e-26 -0.49999999999999961
1.2129021065363783e-26 -0.49999999999999961
1.1292715621102935e-26 -0.49999999999999961
1.0514061332794525e-26 -0.49999999999999961
9.7890953448440938e-27 -0.49999999999999961
9.1141176396710464e-27 -0.49999999999999961
8.4856791539876565e-27 -0.49999999999999961
7.9005718289251768e-27 -0.49999999999999961
7.3558204828313626e-27 -0.49999999999999961
6.8486338609026482e-27 -0.49999999999999961
6.3764226319952167e-27 -0.49999999999999961
5.9367784514701432e-27 -0.49999999999999961
5.5274444034979873e-27 -0.49999999999999961
5.1463278821046109e-27 -0.49999999999999961
4.7914752072866998e-27 -0.49999999999999961
4.461090495722506e-27 -0.49999999999999961
4.1534822657980498e-27 -0.49999999999999961
3.8670756107643025e-27 -0.49999999999999961
3.6004223915445449e-27 -0.49999999999999961
3.3521515850517428e-27 -0.49999999999999961
3.1209973165318282e-27 -0.49999999999999961
2.9057848267380351e-27 -0.49999999999999961
2.7054140247825523e-27 -0.49999999999999961
2.5188602700564368e-27 -0.49999999999999961
2.3451732495164159e-27 -0.49999999999999961
2.183461786379564e-27 -0.49999999999999961
2.0329035448601998e-27 -0.49999999999999961
1.8927388746922883e-27 -0.49999999999999961
1.7622430740144253e-27 -0.49999999999999961
1.640744258593374e-27 -0.49999999999999961
1.5276129192660473e-27 -0.49999999999999961
1.422281732602174e-27 -0.49999999999999961
1.3242115650369733e-27 -0.49999999999999961
1.2328961344326865e-27 -0.49999999999999961
