0 125000
0.050000000000000003 123699.78929236087
0.10000000000000001 120254.70824440605
0.15000000000000002 115381.26508664369
0.20000000000000001 109600.17963982723
0.25 103281.73404267686
0.30000000000000004 96685.775923758352
0.35000000000000003 89992.946295507252
0.40000000000000002 83328.004817320601
0.45000000000000001 76776.656746853158
0.5 70397.605515399526
0.55000000000000004 64231.000432191053
0.60000000000000009 58304.184028756164
0.65000000000000002 52635.65296236016
0.70000000000000007 47237.971068836843
0.75 42119.646698784396
0.80000000000000004 37286.458775558021
0.85000000000000009 32742.273847759818
0.90000000000000002 28489.719740337958
0.95000000000000007 24530.54383214609
1 20865.916709556961
1.05 17496.645315418544
1.1000000000000001 14423.251964189785
1.1500000000000001 11646.084892134393
1.2000000000000002 9165.3754196608461
1.25 6981.276466056308
1.3 5093.8894430588534
1.3500000000000001 3503.2802616321901
1.4000000000000001 2209.492389763876
1.4500000000000002 1212.5543188262916
1.5 512.48446678271239
1.55 109.29405663408038
1.6000000000000001 7.7244830939884856
1.6500000000000001 121.42205557641006
1.7000000000000002 260.17689051543567
1.75 328.76402661385248
1.8 303.8754055074794
1.8500000000000001 204.38844305079743
1.9000000000000001 104.12248669733167
1.9500000000000002 62.966002846461421
2 55.732740145386586
2.0500000000000003 64.92154440873675
2.1000000000000001 80.538200716922717
2.1499999999999999 97.292069830516652
2.2000000000000002 112.58025922334897
2.25 121.67364797202903
2.3000000000000003 95.270760550439974
2.3500000000000001 32.471854366174071
2.4000000000000004 1.8875608467111507
2.4500000000000002 9.8832778785799782
2.5 23.153422588378469
2.5500000000000003 11.749062780435391
2.6000000000000001 0.37023144280626363
2.6500000000000004 6.8397036620594518
2.7000000000000002 12.450488945723276
2.75 1.8811240855849016
2.8000000000000003 7.8634452406607549
2.8500000000000001 10.463804470932137
2.9000000000000004 5.0723851852060902
2.9500000000000002 1.1399659039207306
3 4.2581532481940796
3.0500000000000003 0.22783448746331147
3.1000000000000001 5.9179221043742256
3.1500000000000004 4.8529864383322767
3.2000000000000002 1.6473187375307519
3.25 0.030326217819696508
3.3000000000000003 6.9851119428985466
3.3500000000000001 5.0825365524375581
3.4000000000000004 0.46574502125472272
3.4500000000000002 2.081614161986062
3.5 0.069514821714014866
3.5500000000000003 5.6799638015783893
3.6000000000000001 0.10187274738314581
3.6500000000000004 0.61056984983608464
3.7000000000000002 5.6000543953754995
3.75 5.2086997373767261
3.8000000000000003 0.2743996541495719
3.8500000000000001 1.1021977928242102
3.9000000000000004 4.461684233173532
3.9500000000000002 5.2112024901586196
4 0.46349919984251425
4.0499999999999998 4.1704435413597638
4.1000000000000005 5.4968491935174777
4.1500000000000004 0.048222144521178012
4.2000000000000002 0.71939798705068614
4.25 4.4682068224725917
4.2999999999999998 5.0425940705839576
4.3500000000000005 0.33609460208660724
4.4000000000000004 4.9186910758713989
4.4500000000000002 5.0243563685428567
4.5 0.16362074821015538
4.5499999999999998 0.09915755678504265
4.6000000000000005 5.0270843918723438
4.6500000000000004 0.029165172174439494
4.7000000000000002 0.049675672678615321
4.75 5.0649266623442779
4.8000000000000007 0.031352296222094178
4.8500000000000005 0.10964811822772867
4.9000000000000004 4.9263523885484872
4.9500000000000002 0.0067373760114991452
5 0.040071401745784108
5.0500000000000007 4.9803503676330152
5.1000000000000005 0.022820269516769857
5.1500000000000004 0.031957381783426136
5.2000000000000002 4.9240768945626927
5.25 0.01515676663895147
5.3000000000000007 0.0035710798377797852
5.3500000000000005 4.8968802325292113
5.4000000000000004 0.032861476340665129
5.4500000000000002 0.012028367508643428
5.5 4.9003373104818424
5.5500000000000007 0.025609433018738553
5.6000000000000005 4.8927447053260593
5.6500000000000004 4.6054789959102092
5.7000000000000002 0.022615405329530748
5.75 4.8324677094622777
5.8000000000000007 3.7938369672326759
5.8500000000000005 0.0080335932548889506
5.9000000000000004 4.9115437020762265
5.9500000000000002 0.0031179599525229802
6 0.0023927418843147953
6.0500000000000007 4.8933284538906721
6.1000000000000005 0.0034727801411925268
6.1500000000000004 4.6290273070816541
6.2000000000000002 4.8273360772049179
6.25 0.0050452181569722162
6.3000000000000007 4.7646339546557508
6.3500000000000005 4.8045970842969759
6.4000000000000004 0.0024955648700595388
6.4500000000000002 4.906545486195995
6.5 0.0018478209682230541
6.5500000000000007 0.0010229240508104278
6.6000000000000005 4.8880985581350265
6.6500000000000004 0.00064444925701064016
6.7000000000000002 0.0018338184752663066
6.75 4.8622277067486461
6.8000000000000007 0.00099364471889391588
6.8500000000000005 4.6647191357436748
6.9000000000000004 4.8453348406550205
6.9500000000000002 0.00059870013980243425
7 4.9014029726771264
7.0500000000000007 0.0043830652193817326
7.1000000000000005 0.00036521496367081203
7.1500000000000004 4.8856056714388112
7.2000000000000002 0.0003615653104841719
7.25 0.00052730115048839549
7.3000000000000007 4.8758719678572895
7.3500000000000005 0.00023691950262970035
7.4000000000000004 4.4824927767756586
7.4500000000000002 4.8585475324751863
7.5 0.0001339837426144187
7.5500000000000007 4.8959859764376663
7.6000000000000005 0.013558604437393885
7.6500000000000004 0.00014183324098190317
7.7000000000000002 4.8843079315594196
7.75 0.00041343973934704874
7.8000000000000007 0.00031768632850909132
7.8500000000000005 4.8826934997299096
7.9000000000000004 0.00011274067483714384
7.9500000000000002 4.1009975563392702
8 4.8644694005025162
8.0500000000000007 3.2331241097425518e-05
8.0999999999999996 4.8909014954336296
8.1500000000000004 0.058550222041948367
8.2000000000000011 7.3259818175744573e-05
8.25 4.8837529477504678
8.3000000000000007 0.00050296634976239015
8.3499999999999996 0.00024649760643176779
8.4000000000000004 4.8863811280208731
8.4500000000000011 0.00010077252953369962
8.5 3.2276114834813443
8.5500000000000007 4.8672248763682404
8.5999999999999996 1.1776518975851169e-05
8.6500000000000004 4.8866468181652563
8.7000000000000011 0.455196371883544
8.75 5.0970224193418884e-05
8.8000000000000007 4.8837861542103074
8.8499999999999996 0.000574901189717026
8.9000000000000004 0.00021968877367092951
8.9500000000000011 4.8883670975137612
9 0.00010454521496357748
9.0500000000000007 1.8639603927895512
9.0999999999999996 4.8681793443012742
9.1500000000000004 7.9826947228396137e-06
9.2000000000000011 4.8834844315200199
9.25 2.0637620607253901
9.3000000000000007 4.2842124548540536e-05
9.3499999999999996 4.8842945934257154
9.4000000000000004 0.00061399575818045786
9.4500000000000011 0.00021362034104453544
9.5 4.8893308297526668
9.5500000000000007 0.00010678110702877067
9.6000000000000014 1.3990185658991425
9.6500000000000004 4.8678839241956764
9.7000000000000011 7.1211024708325226e-06
9.75 4.8814734881812702
9.8000000000000007 2.7426914850431086
9.8500000000000014 4.0073862910828926e-05
9.9000000000000004 4.8851592844140539
9.9500000000000011 0.00061895557625002689
10 0.00022077872714407984
10.050000000000001 4.8896219477286342
10.100000000000001 0.00010515834491777091
10.15 2.068939982979273
10.200000000000001 4.8665885836366121
10.25 6.4020015514960183e-06
10.300000000000001 4.8805117015559061
10.350000000000001 2.5908683977262355
10.4 4.0119158530553261e-05
10.450000000000001 4.8862664248015353
10.5 0.00059639140195209784
10.550000000000001 0.00023899233822062069
10.600000000000001 4.8894315597985596
10.65 0.00010010946804097968
10.700000000000001 3.2314665027717946
10.75 4.8643759879188142
10.800000000000001 5.3931038725487466e-06
10.850000000000001 4.8804510824324829
10.9 1.61818944671187
10.950000000000001 4.2200312252507734e-05
11 4.8875096656302341
11.050000000000001 0.00055527458621580747
11.100000000000001 0.00026881811291040009
11.15 4.8888538470110152
11.200000000000001 9.2550349829974383e-05
11.25 3.9497400029892096
11.300000000000001 4.8612278102122524
11.350000000000001 4.1493585454435711e-06
11.4 4.881085634989768
11.450000000000001 0.39825067928383406
11.5 4.6049386153659219e-05
11.550000000000001 4.8888022793043966
11.600000000000001 0.00050437202836006939
11.65 0.00031281536902894226
11.700000000000001 4.8879361088292006
11.75 8.3414239048932082e-05
11.800000000000001 4.3061056758465055
11.850000000000001 4.8570560141429233
11.9 2.8335632230664433e-06
11.950000000000001 4.8822150701460574
12 0.091466248268909978
12.050000000000001 5.1632370019703323e-05
12.100000000000001 4.8900695808532042
12.15 0.00045033232092131411
12.200000000000001 0.00037605335922930028
12.25 4.8866959175125864
12.300000000000001 7.3483122347631837e-05
12.350000000000001 4.4967124031742207
12.4 4.8516843271218377
12.450000000000001 1.6159545564262337e-06
12.5 4.8836639984253933
12.550000000000001 0.031900923052479858
12.600000000000001 5.9065129322475652e-05
12.65 4.8912530609756262
12.700000000000001 0.00039735882330420552
12.75 0.00046765146200261322
12.800000000000001 4.8851347837124584
12.850000000000001 6.3355876018355084e-05
12.9 4.6090839325821067
12.950000000000001 4.8448422981935773
13 6.5420667451250394e-07
13.050000000000001 4.8852909764015413
13.100000000000001 0.014573712737923013
13.15 6.85818792642691e-05
13.200000000000001 4.8923042113156319
13.25 0.00034773553788798703
13.300000000000001 0.00060438611418406883
13.350000000000001 4.8832257301085731
13.4 5.3464209263255516e-05
13.450000000000001 4.6808142984683467
13.5 4.8361133295810292
13.550000000000001 9.1524942568522554e-08
13.600000000000001 4.8869939298821956
13.65 0.0078629991663574025
13.700000000000001 8.0579518403271552e-05
13.75 4.8931803726244203
13.800000000000001 0.00030252574224550073
13.850000000000001 0.00081888179676124176
13.9 4.8809381784674821
13.950000000000001 4.4098688779474994e-05
14 4.7295224758971237
14.050000000000001 4.8248380355953193
14.100000000000001 5.9384420506648177e-08
14.15 4.8886937991423665
14.200000000000001 0.0047363553093547261
14.25 9.5660946836732895e-05
14.300000000000001 4.8938492344480977
14.350000000000001 0.00026192868883801379
14.4 0.0011813143015525296
14.450000000000001 4.8782159805519534
14.5 3.5449080383215409e-05
14.550000000000001 4.7639708987404301
14.600000000000001 4.8101214494765365
14.65 6.654507025902778e-07
14.700000000000001 4.8903597866604089
14.75 0.0030935117445842881
14.800000000000001 0.00011472687279055221
14.850000000000001 4.8942738180346428
14.9 0.00022582321438412923
14.950000000000001 0.0018601202677914351
