0 125001.23370055013
0.050000000000000003 125001.08086007056
0.10000000000000001 124994.93227481793
0.15000000000000002 124944.32732364042
0.20000000000000001 124748.81257069724
0.25 124247.19303856902
0.30000000000000004 123249.7429814533
0.35000000000000003 121583.47610740903
0.40000000000000002 119130.84160031202
0.45000000000000001 115850.00795196067
0.5 111774.67775119327
0.55000000000000004 106998.80212920882
0.60000000000000009 101654.13954819475
0.65000000000000002 95887.98100896804
0.70000000000000007 89845.491665925627
0.75 83657.785639665046
0.80000000000000004 77435.965533378941
0.85000000000000009 71269.719478848652
0.90000000000000002 65228.660505280917
0.95000000000000007 59364.83259660512
1 53715.995610309423
1.05 48308.909546202114
1.1000000000000001 43162.057433401911
1.1500000000000001 38287.963559150136
1.2000000000000002 33694.934476073919
1.25 29388.410130161908
1.3 25371.884777298194
1.3500000000000001 21647.594327520663
1.4000000000000001 18216.97563965388
1.4500000000000002 15080.956462483682
1.5 12240.151850929196
1.55 9694.9839393546845
1.6000000000000001 7445.7547301811728
1.6500000000000001 5492.6884648841278
1.7000000000000002 3835.9576036293342
1.75 2475.6965856205702
1.8 1412.0106305924733
1.8500000000000001 644.98073626612472
1.9000000000000001 174.66646122277996
1.9500000000000002 1.2643567962135664
2 67.543717504884441
2.0500000000000003 165.51027016321638
2.1000000000000001 210.36849553564275
2.1499999999999999 180.80087347481941
2.2000000000000002 98.064574604581082
2.25 42.099904199094908
2.3000000000000003 25.30270194505249
2.3500000000000001 23.816028334994275
2.4000000000000004 28.705828924263926
2.4500000000000002 35.916708290853677
2.5 43.362140371514862
2.5500000000000003 50.038715683893862
2.6000000000000001 55.289502216758855
2.6500000000000004 42.754204216435618
2.7000000000000002 9.3251276698090813
2.75 1.9137058320331839
2.8000000000000003 9.5942020402307229
2.8500000000000001 16.323545377353163
2.9000000000000004 6.1325998618743434
2.9500000000000002 2.1909386345042545
3 9.4797860916154981
3.0500000000000003 3.9110475781678571
3.1000000000000001 6.8499157704653113
3.1500000000000004 10.69884145446597
3.2000000000000002 5.0226539940849468
3.25 0.4845265683722817
3.3000000000000003 1.1863749846046863
3.3500000000000001 2.6998632717540914
3.4000000000000004 1.8404634190722335
3.4500000000000002 2.5688941804151666
3.5 5.9260803279036418
3.5500000000000003 4.9496132651655467
3.6000000000000001 0.60634228686806835
3.6500000000000004 5.2875712259369525
3.7000000000000002 4.8899834077426725
3.75 0.11998175601951905
3.8000000000000003 0.75553453389681047
3.8500000000000001 0.15236503925663486
3.9000000000000004 5.1990212031791065
3.9500000000000002 0.17287654076219322
4 0.019121301178998192
4.0499999999999998 5.0964352533060122
4.1000000000000005 0.073366361407688527
4.1500000000000004 0.19770259066074894
4.2000000000000002 4.915197699476999
4.25 0.024437329564800582
4.2999999999999998 0.10112665922791614
4.3500000000000005 5.0402958360236143
4.4000000000000004 0.014150618540307719
4.4500000000000002 0.14418648509963622
4.5 4.8620589049614251
4.5499999999999998 1.931988589763997
4.6000000000000005 0.058528682392946833
4.6500000000000004 4.9726029981192585
4.7000000000000002 0.01138610143557341
4.75 0.041256608355313411
4.8000000000000007 4.9043350174895171
4.8500000000000005 0.006996110288391864
4.9000000000000004 0.0078802792670838832
4.9500000000000002 4.9090861026606563
5 0.022199103502339994
5.0500000000000007 0.0049789289747077942
5.1000000000000005 4.9020338744479472
5.1500000000000004 0.019338795015093356
5.2000000000000002 4.8748279309418461
5.25 4.7192432603233083
5.3000000000000007 0.019628544958647312
5.3500000000000005 4.8130388155174879
5.4000000000000004 4.6402821106382399
5.4500000000000002 0.0077860254391220541
5.5 4.911860738430792
5.5500000000000007 0.0024086015160394922
5.6000000000000005 0.0024389572811210018
5.6500000000000004 4.8917289595418412
5.7000000000000002 0.0024585160035861713
5.75 0.18923849588756472
5.8000000000000007 4.8440597179437228
5.8500000000000005 0.004061491827113092
5.9000000000000004 4.7230599870934995
5.9500000000000002 4.8315505827521328
6 0.002208503199030769
6.0500000000000007 4.9054833255584738
6.1000000000000005 0.0026874487596986662
6.1500000000000004 0.00097573793826831923
6.2000000000000002 4.8860994638642081
6.25 0.00054720200701203537
6.3000000000000007 0.00077331875030192416
6.3500000000000005 4.8703280051095668
6.4000000000000004 0.00079214054265045841
6.4500000000000002 4.5446938314673728
6.5 4.8570723462840659
6.5500000000000007 0.00051232558543997352
6.6000000000000005 4.8990919273084383
6.6500000000000004 0.0093122401581346419
6.7000000000000002 0.00032473792342637851
6.75 4.8832997988919118
6.8000000000000007 0.00042525756150110078
6.8500000000000005 0.00033328964883756984
6.9000000000000004 4.8812649334008054
6.9500000000000002 0.00021431467797194682
7 3.9993056707779715
7.0500000000000007 4.8664531239137077
7.1000000000000005 0.00011512014563999161
7.1500000000000004 4.8925521286421683
7.2000000000000002 0.064836195271862601
7.25 0.0001161310806422155
7.3000000000000007 4.8817645693610805
7.3500000000000005 0.00053994490305065649
7.4000000000000004 0.00021811117523070264
7.4500000000000002 4.886805868762119
7.5 0.00012882802333998402
7.5500000000000007 0.95834555413682077
7.6000000000000005 4.8708499473836611
7.6500000000000004 3.1000468742007165e-05
7.7000000000000002 4.8865165416586329
7.75 2.1497451895721165
7.8000000000000007 5.5541821520840127e-05
7.8500000000000005 4.8810833258043749
7.9000000000000004 0.00067617642129736593
7.9500000000000002 0.00017499637490224948
8 4.8897744033305504
8.0500000000000007 0.00012580425725564715
8.0999999999999996 0.08589205580240801
8.1500000000000004 4.8729163299099154
8.2000000000000011 1.4747494370970213e-05
8.25 4.8815322891157136
8.3000000000000007 3.8636625763068362
8.3499999999999996 3.6863658889224948e-05
8.4000000000000004 4.8810929415270694
8.4500000000000011 0.00078161378688518734
8.5 0.00015897645165955453
8.5500000000000007 4.8913327414396885
8.5999999999999996 0.0001317347398136866
8.6500000000000004 0.04137765771700351
8.7000000000000011 4.8735947780625537
8.75 1.2009069441867685e-05
8.8000000000000007 4.8778950276045361
8.8499999999999996 4.1667946837450662
8.9000000000000004 3.0413306814848001e-05
8.9500000000000011 4.8816672696511167
9 0.00083546779136520069
9.0500000000000007 0.00015644082848590129
9.0999999999999996 4.8920425698748788
9.1500000000000004 0.00013412013185480073
9.2000000000000011 0.035383725279926087
9.25 4.8732793231381466
9.3000000000000007 1.1329324403383186e-05
9.3499999999999996 4.8756672074848248
9.4000000000000004 4.2436995193680733
9.4500000000000011 2.838581346663781e-05
9.5 4.8826661591136835
9.5500000000000007 0.00083624865550420858
9.6000000000000014 0.00016279631602111817
9.6500000000000004 4.8922002016547133
9.7000000000000011 0.00013170857817033677
9.75 0.043729445972410685
9.8000000000000007 4.8721544076374919
9.8500000000000014 1.0479887026159078e-05
9.9000000000000004 4.8747264359307048
9.9500000000000011 4.2231932884403758
10 2.8616381329632474e-05
10.050000000000001 4.8839456980401517
10.100000000000001 0.00079588784544575258
10.15 0.00017663770274653089
10.200000000000001 4.8919646407239856
10.25 0.00012532823668646534
10.300000000000001 0.082564529391464622
10.350000000000001 4.8702869647185656
10.4 9.1676176022361903e-06
10.450000000000001 4.8748730295819165
10.5 4.10681760069994
10.550000000000001 3.0466148100953897e-05
10.600000000000001 4.8853967384716324
10.65 0.0007296243215480111
10.700000000000001 0.0001984350003217096
10.75 4.8914086190211989
10.800000000000001 0.00011606293606407043
10.850000000000001 0.36071443861907398
10.9 4.86765813678638
10.950000000000001 7.5040293247756083e-06
11 4.8758373652616669
11.050000000000001 3.8051166002482222
11.100000000000001 3.3727277971685713e-05
11.15 4.8869192156471595
11.200000000000001 0.00065196441346494869
11.25 0.00022964459703007358
11.300000000000001 4.8905707177719915
11.350000000000001 0.00010495452485802763
11.4 2.7473177223841523
11.450000000000001 4.8642044189328351
11.5 5.6761417533191695e-06
11.550000000000001 4.877367669441683
11.600000000000001 2.8662209736342659
11.65 3.8393353391482428e-05
11.700000000000001 4.8884283558129171
11.75 0.0005729673935230855
11.800000000000001 0.00027308475965430381
11.850000000000001 4.8894657516660391
11.9 9.288642613888494e-05
11.950000000000001 4.0240147328426339
12 4.8598053081717314
12.050000000000001 3.8727408158561738e-06
12.100000000000001 4.8792536502659312
12.15 0.51701121242876391
12.200000000000001 4.4553507471146639e-05
12.25 4.8898596072253975
12.300000000000001 0.0004983805824328116
12.350000000000001 0.00033367430749021656
12.4 4.8880858134536576
12.450000000000001 8.0614643915432691e-05
12.5 4.4021607946562593
12.550000000000001 4.8542769749654511
12.600000000000001 2.2640300457759663e-06
12.65 4.8813178472783108
12.700000000000001 0.069338769629083974
12.75 5.237168215367591e-05
12.800000000000001 4.8911693814731345
12.850000000000001 0.00043084816242863392
12.9 0.00041997180341667596
12.950000000000001 4.886415675948359
13 6.8663135844600437e-05
13.050000000000001 4.5703452833855183
13.100000000000001 4.8473311415328846
13.15 9.986931550432456e-07
13.200000000000001 4.8834310027075079
13.25 0.02191525196476574
13.300000000000001 6.2145140503820271e-05
13.350000000000001 4.892316816735379
13.4 0.00037088096400258135
13.450000000000001 0.000547598879727316
13.5 4.8844231729896554
13.550000000000001 5.7397208325304191e-05
13.600000000000001 4.6638471030929498
13.65 4.8384396748719061
13.700000000000001 2.0035817525817247e-07
13.75 4.8854811693091271
13.800000000000001 0.0099546188773772682
13.850000000000001 7.4233347848602142e-05
13.9 4.8932803258722766
13.950000000000001 0.00031852552798159871
14 0.0007472902734349849
14.050000000000001 4.8820803799062826
14.100000000000001 4.6884310046000579e-05
14.15 4.721747071232512
14.200000000000001 4.8269916825349668
14.25 1.6656920352116896e-08
14.300000000000001 4.8874924919717273
14.350000000000001 0.0054758714316449813
14.4 8.9411684026983942e-05
14.450000000000001 4.8939903555698301
14.5 0.00027286677078279791
14.550000000000001 0.0010818684312105217
14.600000000000001 4.8793004937557196
14.65 3.7408239491306572e-05
14.700000000000001 4.7607465779064606
14.75 4.8120108516108893
14.800000000000001 5.502722397726528e-07
14.850000000000001 4.8893632262652149
14.9 0.0033843746125173978
14.950000000000001 0.00010837658399150611
