0 0.125
0.050000000000000003 0.12337579868077814
0.10000000000000001 0.11908275792844383
0.15000000000000002 0.11303674615963351
0.20000000000000001 0.10590836226227272
0.25 0.098175767884997212
0.30000000000000004 0.090174615773349856
0.35000000000000003 0.082137795816049949
0.40000000000000002 0.07422573733399343
0.45000000000000001 0.06654807909246642
0.5 0.059180019284832033
0.55000000000000004 0.052215380119757203
0.60000000000000009 0.045776750343068738
0.65000000000000002 0.039927288404302014
0.70000000000000007 0.034682340485108057
0.75 0.030026486122155607
0.80000000000000004 0.025925827820763275
0.85000000000000009 0.022336339462536228
0.90000000000000002 0.019209625592190072
0.95000000000000007 0.016496645533415195
1 0.014150035896052545
1.05 0.012125452419506078
1.1000000000000001 0.010382299675069494
1.1500000000000001 0.0088839747799565848
1.2000000000000002 0.0075977880424240758
1.25 0.0064949474007719105
1.3 0.0055501858946148874
1.3500000000000001 0.0047414542418737502
1.4000000000000001 0.0040495901376065464
1.4500000000000002 0.0034579974110363013
1.5 0.0029523589669437178
1.55 0.0025203182539910492
1.6000000000000001 0.0021512640052037436
1.6500000000000001 0.0018360844945933227
1.7000000000000002 0.0015669648084923864
1.75 0.0013372087211084101
1.8 0.0011410830582773777
1.8500000000000001 0.00097368237882763801
1.9000000000000001 0.00083081169941092684
1.9500000000000002 0.00070888497335912888
2 0.00060483787218413101
2.0500000000000003 0.00051605293628649064
2.1000000000000001 0.0004402940536506675
2.1499999999999999 0.00037565212876386716
2.2000000000000002 0.00032049725574777261
2.25 0.00027343807140670458
2.3000000000000003 0.00023328697134741339
2.3500000000000001 0.00019903035992414398
2.4000000000000004 0.00016980322670612802
2.4500000000000002 0.00014486745980409367
2.5 0.0001235931426279506
2.5500000000000003 0.00010544289093415444
2.6000000000000001 8.9957911143057209e-05
2.6500000000000004 7.6746864403821592e-05
2.7000000000000002 6.5475855740190791e-05
2.75 5.5860007004440157e-05
2.8000000000000003 4.7656264508050438e-05
2.8500000000000001 4.0657295858651021e-05
2.9000000000000004 3.4686244849583269e-05
2.9500000000000002 2.9592054751132004e-05
3 2.5246092712452267e-05
3.0500000000000003 2.1538386797968352e-05
3.1000000000000001 1.8375190892848769e-05
3.1500000000000004 1.5676418257605471e-05
3.2000000000000002 1.3374052083410411e-05
3.25 1.1409862543005751e-05
3.3000000000000003 9.7341737467636063e-06
3.3500000000000001 8.3046071905823785e-06
3.4000000000000004 7.0850097706801577e-06
3.4500000000000002 6.0445392617990065e-06
3.5 5.1568841335126621e-06
3.5500000000000003 4.3995979741034302e-06
3.6000000000000001 3.7535316883859208e-06
3.6500000000000004 3.2023491077003922e-06
3.7000000000000002 2.7321141440335316e-06
3.75 2.3309375666793569e-06
3.8000000000000003 1.9886740669949421e-06
3.8500000000000001 1.6966719949386216e-06
3.9000000000000004 1.4475520961677894e-06
3.9500000000000002 1.2350146099127885e-06
4 1.0536868981154791e-06
4.0499999999999998 8.989854602468222e-07
4.1000000000000005 7.6700001276298067e-07
4.1500000000000004 6.5439459796902541e-07
4.2000000000000002 5.5831227044901953e-07
4.25 4.7633917416749448e-07
4.2999999999999998 4.0640388182788803e-07
4.3500000000000005 3.4673837313441398e-07
4.4000000000000004 2.9583433285733982e-07
4.4500000000000002 2.5240520277366256e-07
4.5 2.1535281925234436e-07
4.5499999999999998 1.8374078198904644e-07
4.6000000000000005 1.5677020035691415e-07
4.6500000000000004 1.3375959308730496e-07
4.7000000000000002 1.1412735055968769e-07
4.75 9.7377377769923677e-08
4.8000000000000007 8.3086439906706721e-08
4.8500000000000005 7.0893460166717934e-08
4.9000000000000004 6.049038973237362e-08
4.9500000000000002 5.1614461216657998e-08
5 4.4041442338091896e-08
5.0500000000000007 3.7580008584970713e-08
5.1000000000000005 3.2066994950023812e-08
5.1500000000000004 2.7363147099269137e-08
5.2000000000000002 2.3349661780426298e-08
5.25 1.9925169241772395e-08
5.3000000000000007 1.7003216644021735e-08
5.3500000000000005 1.4510031843977771e-08
5.4000000000000004 1.238267476021269e-08
5.4500000000000002 1.0567446633794105e-08
5.5 9.0185363490339075e-09
5.5500000000000007 7.6968499201731479e-09
5.6000000000000005 6.5690314860417392e-09
5.6500000000000004 5.6065842482613888e-09
5.7000000000000002 4.7852855081439922e-09
5.75 4.0844249327584915e-09
5.8000000000000007 3.4863317244310954e-09
5.8500000000000005 2.9759284669875932e-09
5.9000000000000004 2.5403504658557751e-09
5.9500000000000002 2.1686161076806825e-09
6 1.8513450166220741e-09
6.0500000000000007 1.5805487844121107e-09
6.1000000000000005 1.3494115593386585e-09
6.1500000000000004 1.1530105563007943e-09
6.2000000000000002 9.8518902954355926e-10
6.25 8.4178967189909432e-10
6.3000000000000007 7.1925969329749008e-10
6.3500000000000005 6.1456294713760312e-10
6.4000000000000004 5.2510482649141384e-10
6.4500000000000002 4.4866807483911892e-10
6.5 3.8335792554307247e-10
6.5500000000000007 3.2755521463918613e-10
6.6000000000000005 2.7987630842936555e-10
6.6500000000000004 2.3913885561949214e-10
6.7000000000000002 2.0433251765596069e-10
6.75 1.745939538437916e-10
6.8000000000000007 1.4918544290639117e-10
6.8500000000000005 1.2747661256274629e-10
6.9000000000000004 1.0888019090079151e-10
6.9500000000000002 9.3009862867389883e-11
7 7.9463896834735411e-11
7.0500000000000007 6.7900087067572369e-11
7.1000000000000005 5.8026887418179432e-11
7.1500000000000004 4.9595871786117063e-11
7.2000000000000002 4.2395322066958291e-11
7.25 3.6244774194836401e-11
7.3000000000000007 3.0990378577357068e-11
7.3500000000000005 2.6500952870246749e-11
7.4000000000000004 2.2655531300334738e-11
7.4500000000000002 1.9369753106965303e-11
7.5 1.6562096402250497e-11
7.5500000000000007 1.4162914257423093e-11
7.6000000000000005 1.2112705586222672e-11
7.6500000000000004 1.0360637725967242e-11
7.7000000000000002 8.8632839866799603e-12
7.75 7.5835450311484818e-12
7.8000000000000007 6.4897272160002217e-12
7.8500000000000005 5.5547551591773594e-12
7.9000000000000004 4.7554989130514587e-12
7.9500000000000002 4.0721991556656515e-12
8 3.4879760391880559e-12
8.0500000000000007 2.9884096189179679e-12
8.0999999999999996 2.5611813529680005e-12
8.1500000000000004 2.1957678528797328e-12
8.2000000000000011 1.8831792136832891e-12
8.25 1.615735527405258e-12
8.3000000000000007 1.3867202009463692e-12
8.3499999999999996 1.1901656421805632e-12
8.4000000000000004 1.0214708430936245e-12
8.4500000000000011 8.7668694508585612e-13
8.5 7.5242480320217133e-13
8.5500000000000007 6.4577565169608105e-13
8.5999999999999996 5.5424301495214521e-13
8.6500000000000004 4.7568426921695576e-13
8.7000000000000011 4.0826048755813301e-13
8.75 3.5039339358079883e-13
8.8000000000000007 3.0072841662172362e-13
8.8499999999999996 2.5810298377207241e-13
8.9000000000000004 2.2151930584945256e-13
8.9500000000000011 1.9012102085627976e-13
9 1.6317314805349531e-13
9.0500000000000007 1.4004488341429391e-13
9.0999999999999996 1.2019483328735958e-13
9.1500000000000004 1.031583415930763e-13
9.2000000000000011 8.8536612811370778e-14
9.25 7.5987376985387026e-14
9.3000000000000007 6.5216877725309689e-14
9.3499999999999996 5.5972995777430838e-14
9.4000000000000004 4.8039347472573077e-14
9.4500000000000011 4.1230219483678512e-14
9.5 3.5386221613550503e-14
9.5500000000000007 3.0370555695910632e-14
9.6000000000000014 2.6065813443041894e-14
9.6500000000000004 2.2371228102847201e-14
9.7000000000000011 1.9200315659915797e-14
9.75 1.6478850381698097e-14
9.8000000000000007 1.4143127339985406e-14
9.8500000000000014 1.2138471186738363e-14
9.9000000000000004 1.04179562839386e-14
9.9500000000000011 8.9413082942795251e-15
10 7.6739613459075146e-15
10.050000000000001 6.5862489786366664e-15
10.100000000000001 5.6527096724365385e-15
10.15 4.8514908377558194e-15
10.200000000000001 4.1638372815576137e-15
10.25 3.5736522016441979e-15
10.300000000000001 3.0671203428171394e-15
10.350000000000001 2.6323846433153776e-15
10.4 2.2592686710095538e-15
10.450000000000001 1.9390384019138751e-15
10.5 1.6641977864686574e-15
10.550000000000001 1.4283132627754684e-15
10.600000000000001 1.2258631674203132e-15
10.65 1.0521084851099458e-15
10.700000000000001 9.0298191011878962e-16
10.75 7.7499263595435191e-16
10.800000000000001 6.6514464708267291e-16
10.850000000000001 5.7086658733808055e-16
10.9 4.8995156427073943e-16
10.950000000000001 4.2050549148774412e-16
11 3.6090275336451287e-16
11.050000000000001 3.0974814563852077e-16
11.100000000000001 2.6584422740478639e-16
11.15 2.2816328154239987e-16
11.200000000000001 1.9582325897049054e-16
11.25 1.6806713349259894e-16
11.300000000000001 1.4424518068407087e-16
11.350000000000001 1.2379976765048935e-16
11.4 1.0625230074336833e-16
11.450000000000001 9.1192024557254173e-17
11.5 7.8266402693374405e-17
11.550000000000001 6.7172867266980587e-17
11.600000000000001 5.7651737728186638e-17
11.65 4.9480139668091012e-17
11.700000000000001 4.2466788957247869e-17
11.75 3.6447516045833082e-17
11.800000000000001 3.1281419355695141e-17
11.850000000000001 2.6847568442436339e-17
11.9 2.3905555773183982e-17
11.950000000000001 4.9946615197086724e-17
12 1.4875766733594933e-16
12.050000000000001 7.1410563477134628e-16
12.100000000000001 2.0157518707328014e-15
12.15 4.0609373400156989e-15
12.200000000000001 5.2273674058910887e-15
12.25 5.6803006847863326e-15
12.300000000000001 5.3776699719159188e-15
12.350000000000001 6.4503719963251187e-15
12.4 7.3451383883845607e-15
12.450000000000001 9.7808351764341577e-15
12.5 1.3604193882162721e-14
12.550000000000001 1.4167577191905686e-14
12.600000000000001 1.1746580947179094e-14
12.65 8.5845709916205463e-15
12.700000000000001 5.5710289317644581e-15
12.75 3.1604044147934031e-15
12.800000000000001 1.0251182370391456e-15
12.850000000000001 2.1361925298896899e-16
12.9 3.9258751984499008e-15
12.950000000000001 1.0039073390950993e-14
13 1.6478301395008312e-14
13.050000000000001 2.1435569307711498e-14
13.100000000000001 2.1516737294099715e-14
13.15 1.8064818849930526e-14
13.200000000000001 1.5738721645033924e-14
13.25 1.6248702467727205e-14
13.300000000000001 1.5743186026224464e-14
13.350000000000001 1.333016984498295e-14
13.4 1.1609170351580123e-14
13.450000000000001 9.926109672923326e-15
13.5 1.1689123725858861e-14
13.550000000000001 1.4126361117811407e-14
13.600000000000001 1.3712603328972493e-14
13.65 1.1569833866608919e-14
13.700000000000001 8.612022209281131e-15
13.75 5.5267472533723999e-15
13.800000000000001 2.9440976607700354e-15
13.850000000000001 1.1510557603096368e-15
13.9 2.2666684210096395e-16
13.950000000000001 9.6547520606873067e-20
14 1.0394483478263556e-16
14.050000000000001 8.3247738973560296e-16
14.100000000000001 2.1084502492760802e-15
14.15 2.992912233480913e-15
14.200000000000001 3.1400575412101825e-15
14.25 2.9257964403324021e-15
14.300000000000001 2.4882831704968626e-15
14.350000000000001 2.4917718167109367e-15
14.4 3.6156429299972374e-15
14.450000000000001 4.4248989436670412e-15
14.5 5.0129282016498429e-15
14.550000000000001 5.1119236177080922e-15
14.600000000000001 4.2947272656045404e-15
14.65 3.0969300933697617e-15
14.700000000000001 2.2430037584895022e-15
14.75 1.4622669436253662e-15
14.800000000000001 8.0010555202457297e-16
14.850000000000001 3.2244271270589371e-16
14.9 6.3116115328123341e-17
14.950000000000001 1.6999559522437511e-21
15 2.9532125346891663e-17
15.050000000000001 7.4085170484451309e-17
15.100000000000001 1.5108127417657419e-16
15.15 1.8069427405747035e-16
15.200000000000001 1.8435453287489547e-16
15.25 3.6928164992442886e-16
15.300000000000001 1.8144282895410472e-16
15.350000000000001 8.4962497087435078e-18
15.4 8.719651275995563e-17
15.450000000000001 5.0247882142167531e-16
15.5 1.0870711628709127e-15
15.550000000000001 1.5340762508946463e-15
15.600000000000001 1.5929823612426538e-15
15.65 1.4140962435914198e-15
15.700000000000001 1.1086354313814065e-15
15.75 7.4718271515380327e-16
15.800000000000001 4.4117628673053583e-16
15.850000000000001 2.2465995375302084e-16
15.9 8.5588646181285579e-17
15.950000000000001 1.5639788615680522e-17
16 3.9409049870376224e-19
16.050000000000001 2.8677388444742927e-17
16.100000000000001 6.6942374488118032e-17
16.150000000000002 6.6517019533539682e-17
16.199999999999999 1.3399530498906793e-17
16.25 2.3511694956982393e-20
16.300000000000001 1.7115019397999842e-17
16.350000000000001 1.3091808959338768e-16
16.400000000000002 2.5715962665401678e-16
16.449999999999999 3.4165047369733565e-16
16.5 2.7806752109210042e-16
16.550000000000001 1.798708340293516e-16
16.600000000000001 8.8476533290823153e-17
16.650000000000002 5.8424878943887175e-17
16.699999999999999 4.7063429592267836e-17
16.75 4.1701233021187999e-17
16.800000000000001 2.6315704398258108e-17
16.850000000000001 3.930858360604767e-17
16.900000000000002 1.3822401533210534e-16
16.949999999999999 4.4565803970788233e-16
17 7.9203196728801366e-16
17.050000000000001 9.4754280931230173e-16
17.100000000000001 7.3940523737036233e-16
17.150000000000002 5.6405803312389806e-16
17.199999999999999 3.5316185939752145e-16
17.25 4.3551345788256083e-16
17.300000000000001 8.5356630262841517e-16
17.350000000000001 1.041670650215025e-15
17.400000000000002 1.2035212232954876e-15
17.449999999999999 1.8357378015104069e-15
17.5 2.9183147835330637e-15
17.550000000000001 3.1366469865540973e-15
17.600000000000001 2.1725595567098529e-15
17.650000000000002 1.2329118936894871e-15
17.699999999999999 7.21172614503612e-16
17.75 4.6089384435673617e-16
17.800000000000001 5.0809114809133726e-16
17.850000000000001 9.225537163024838e-16
17.900000000000002 1.8261789548797711e-15
17.949999999999999 2.9608712063006929e-15
18 4.0727577296151565e-15
18.050000000000001 4.7800282706178382e-15
18.100000000000001 5.2378308064064183e-15
18.150000000000002 5.0139839450078558e-15
18.199999999999999 4.3753844595474523e-15
18.25 3.5171298848038139e-15
18.300000000000001 3.0573489969721803e-15
18.350000000000001 2.9754379712350356e-15
18.400000000000002 2.7440515105834662e-15
18.449999999999999 2.6602958973553551e-15
18.5 2.8115439427673793e-15
18.550000000000001 2.6974746496003784e-15
18.600000000000001 2.6687853524908017e-15
18.650000000000002 2.7496577178876851e-15
18.699999999999999 2.7663875958951935e-15
18.75 2.5429042078641555e-15
18.800000000000001 2.0604619041063894e-15
18.850000000000001 1.5182125950333077e-15
18.900000000000002 1.1480945492155227e-15
18.949999999999999 9.0985419722320056e-16
19 7.5983956186196665e-16
19.050000000000001 6.7756696809025594e-16
19.100000000000001 6.8901077032942722e-16
19.150000000000002 8.0885299399762558e-16
19.200000000000003 9.3808794437470585e-16
19.25 9.9929325692840492e-16
19.300000000000001 1.0369576803344053e-15
19.350000000000001 1.0623220231317513e-15
19.400000000000002 1.0642632784512882e-15
19.450000000000003 1.0226046431697033e-15
19.5 9.0482829586394357e-16
19.550000000000001 7.7104414646686629e-16
19.600000000000001 6.6196800100698603e-16
19.650000000000002 5.597392379110369e-16
19.700000000000003 4.8336247976598912e-16
19.75 4.1680852951168956e-16
19.800000000000001 3.7455232575875469e-16
19.850000000000001 3.4199312605174455e-16
19.900000000000002 3.2557044297818801e-16
19.950000000000003 3.048257972848041e-16
20 2.7816129206746735e-16
20.050000000000001 2.4877221482037351e-16
20.100000000000001 1.8596227756052149e-16
20.150000000000002 1.4437934745766853e-16
20.200000000000003 1.0896029502687768e-16
20.25 9.4306844931883783e-17
20.300000000000001 8.1476837327426037e-17
20.350000000000001 7.8022917268242331e-17
20.400000000000002 8.1287100272096618e-17
20.450000000000003 5.4316305774572256e-17
20.5 3.5897496526038574e-17
20.550000000000001 3.5055660902578442e-17
20.600000000000001 2.7875009602255704e-17
20.650000000000002 3.1538576313636997e-17
20.700000000000003 5.5162961957801906e-17
20.75 7.6710243657425581e-17
20.800000000000001 9.1502076713343558e-17
20.850000000000001 6.5093764324378131e-17
20.900000000000002 5.6480639871336432e-17
20.950000000000003 6.9363252966899838e-17
21 5.9537305017937841e-17
21.050000000000001 6.7943883707080313e-17
21.100000000000001 1.0766851311668187e-16
21.150000000000002 1.0673639456773341e-16
21.200000000000003 1.2405860694356021e-16
21.25 8.1962522785666459e-17
21.300000000000001 7.912346361692e-17
21.350000000000001 1.1745392687286892e-16
21.400000000000002 7.0484512224843716e-17
21.450000000000003 5.5478035879606749e-17
21.5 7.3018320983448074e-17
21.550000000000001 1.5189507068688154e-16
21.600000000000001 3.3828478582782237e-16
21.650000000000002 2.5761983777529176e-16
21.700000000000003 2.3334902828384509e-16
21.75 2.7564328468494915e-16
21.800000000000001 4.2513396952621324e-16
21.850000000000001 1.1338112432714107e-16
21.900000000000002 7.5201681383623213e-18
21.950000000000003 7.191380474063971e-18
22 2.9174241879778181e-17
22.050000000000001 2.781157592727348e-17
22.100000000000001 7.5661705162229495e-18
22.150000000000002 6.0441615603984574e-18
22.200000000000003 1.0287261434104063e-16
22.25 1.6074399786885001e-16
22.300000000000001 1.022307906382984e-15
22.350000000000001 4.0059717551255883e-16
22.400000000000002 1.2290429040643372e-15
22.450000000000003 2.0765440954991104e-15
22.5 7.1288604203028624e-16
22.550000000000001 1.2176457582174125e-15
22.600000000000001 1.4630632401745247e-16
22.650000000000002 4.6747955031935923e-16
22.700000000000003 8.1844295584258904e-16
22.75 1.1115941994501245e-15
22.800000000000001 1.3378322209643589e-15
22.850000000000001 1.4137743264183056e-15
22.900000000000002 1.3703999955791175e-15
22.950000000000003 1.2436920664328912e-15
23 1.0813240569313536e-15
23.050000000000001 8.9947161227493e-16
23.100000000000001 7.2304437653977091e-16
23.150000000000002 5.6491647077964244e-16
23.200000000000003 4.3239257358697503e-16
23.25 3.2688072431155913e-16
23.300000000000001 2.4607974900011751e-16
23.350000000000001 1.8578379081605025e-16
23.400000000000002 1.4233545627112704e-16
23.450000000000003 1.1130925556991686e-16
23.5 8.946196109520479e-17
23.550000000000001 7.4055066664616592e-17
23.600000000000001 6.331054572061099e-17
23.650000000000002 5.5488050681394245e-17
23.700000000000003 4.9747765516105705e-17
23.75 4.5213899928027209e-17
23.800000000000001 4.1384371419894491e-17
23.850000000000001 3.8001038007997265e-17
23.900000000000002 3.486219814251151e-17
23.950000000000003 3.1831294486500274e-17
24 2.8859552940185694e-17
24.050000000000001 2.593337984277871e-17
24.100000000000001 2.3093616409675291e-17
24.150000000000002 2.0378141727262428e-17
24.200000000000003 1.7828598748933794e-17
24.25 1.5478870950376362e-17
24.300000000000001 1.3352931422907886e-17
24.350000000000001 1.1459815918067048e-17
24.400000000000002 9.7981896983517011e-18
24.450000000000003 8.35950611786555e-18
24.5 7.1250641342022126e-18
24.550000000000001 6.0743398453447384e-18
24.600000000000001 5.1847057087307877e-18
24.650000000000002 4.4343775920451697e-18
24.700000000000003 3.8024055935725385e-18
24.75 3.2698679231885486e-18
24.800000000000001 2.8199803775762762e-18
24.850000000000001 2.4386821414592858e-18
24.900000000000002 2.1142500277001625e-18
24.950000000000003 1.8367745474604126e-18
25 1.5982263238171452e-18
25.050000000000001 1.3921843189266276e-18
25.100000000000001 1.2134310381909658e-18
25.150000000000002 1.0578171837450402e-18
25.200000000000003 9.2193584075854032e-19
25.25 8.0307560643342014e-19
25.300000000000001 6.9901114569384787e-19
25.350000000000001 6.0791681567716593e-19
25.400000000000002 5.2816726527673893e-19
25.450000000000003 4.5846738331283677e-19
25.5 3.9762370759748799e-19
25.550000000000001 3.4459003625034876e-19
25.600000000000001 2.9845709295059756e-19
25.650000000000002 2.5838214340006575e-19
25.700000000000003 2.2362164232705649e-19
25.75 1.9351343751232639e-19
25.800000000000001 1.6745956066587536e-19
25.850000000000001 1.4493352475435143e-19
25.900000000000002 1.2545074866896537e-19
25.950000000000003 1.0861980940884508e-19
26 9.407185457433987e-20
26.050000000000001 8.1495703894506598e-20
26.100000000000001 7.0621348983692115e-20
26.150000000000002 6.1211843543337479e-20
26.200000000000003 5.306688655348258e-20
26.25 4.6017183815841295e-20
26.300000000000001 3.9910008546394728e-20
26.350000000000001 3.461426523349212e-20
26.400000000000002 3.0020881474149317e-20
26.450000000000003 2.603611153320055e-20
26.5 2.2578576627701836e-20
26.550000000000001 1.9578790323359367e-20
26.600000000000001 1.6977090627507444e-20
26.650000000000002 1.4720403549586129e-20
26.700000000000003 1.276292785541973e-20
26.75 1.1064747748612875e-20
26.800000000000001 9.5919652652305613e-21
26.850000000000001 8.3141551570692819e-21
26.900000000000002 7.2062988487801625e-21
26.950000000000003 6.2458524330681399e-21
27 5.4132165953454376e-21
27.050000000000001 4.6916999313942686e-21
27.100000000000001 4.0663227908920604e-21
27.150000000000002 3.5243417192573184e-21
27.200000000000003 3.0547607553320311e-21
27.25 2.6477780062344933e-21
27.300000000000001 2.2952260620800081e-21
27.350000000000001 1.9896145523333636e-21
27.400000000000002 1.7247066473163405e-21
27.450000000000003 1.4950493302286434e-21
27.5 1.2960932270920104e-21
27.550000000000001 1.123522468619835e-21
27.600000000000001 9.7385415910005955e-22
27.650000000000002 8.4411753633186081e-22
27.700000000000003 7.317080719961734e-22
27.75 6.3431131594658201e-22
27.800000000000001 5.4985551542517208e-22
27.850000000000001 4.7666253684480085e-22
27.900000000000002 4.132071712008609e-22
27.950000000000003 3.5817207938016579e-22
28 3.1045290870117697e-22
28.050000000000001 2.6910709513357009e-22
28.100000000000001 2.3329614943661412e-22
28.150000000000002 2.0225245972797804e-22
28.200000000000003 1.7533987657531121e-22
28.25 1.5201749491463508e-22
28.300000000000001 1.3180565892299398e-22
28.350000000000001 1.1427407765908368e-22
28.400000000000002 9.906686170949464e-23
28.450000000000003 8.5876337910934243e-23
28.5 7.4437996638749543e-23
28.550000000000001 6.4519267598048277e-23
28.600000000000001 5.5923522192268692e-23
28.650000000000002 4.8474831364329491e-23
28.700000000000003 4.2015971494138741e-23
28.75 3.6418266518545905e-23
28.800000000000001 3.1568288858712727e-23
28.850000000000001 2.7371428551387111e-23
28.900000000000002 2.3735969477145024e-23
28.950000000000003 2.0583219400713132e-23
29 1.7842469354899938e-23
29.050000000000001 1.5464187891597972e-23
29.100000000000001 1.3406555646637599e-23
29.150000000000002 1.1622656360424744e-23
29.200000000000003 1.007655130366437e-23
29.25 8.7339824998056557e-24
29.300000000000001 7.571908479625977e-24
29.350000000000001 6.5637025618451504e-24
29.400000000000002 5.6880524033266104e-24
29.450000000000003 4.9307024249182434e-24
29.5 4.2738740100151833e-24
29.550000000000001 3.7058751196100309e-24
29.600000000000001 3.2107655743508473e-24
29.650000000000002 2.7839200381465277e-24
29.700000000000003 2.4121312508235258e-24
29.75 2.0909886494282024e-24
29.800000000000001 1.8122386695221053e-24
29.850000000000001 1.5714779935204647e-24
29.900000000000002 1.3613905130240704e-24
29.950000000000003 1.1799855317781478e-24
30 1.0223918948643179e-24
30.050000000000001 8.8738398266453575e-25
30.100000000000001 7.6970574709495965e-25
30.150000000000002 6.6750399806795487e-25
30.200000000000003 5.7836648392347828e-25
30.25 5.0054296642273252e-25
30.300000000000001 4.3411235609090557e-25
30.350000000000001 3.7625824727676372e-25
30.400000000000002 3.2599570139070305e-25
30.450000000000003 2.8276315395194836e-25
30.5 2.4516098491140753e-25
30.550000000000001 2.1266918361566501e-25
30.600000000000001 1.8478128112343571e-25
30.650000000000002 1.5996187866444149e-25
30.700000000000003 1.3848452760287354e-25
30.75 1.1959693986692942e-25
30.800000000000001 1.0403220811045278e-25
30.850000000000001 9.0226069021348547e-26
30.900000000000002 7.8350094550320469e-26
30.950000000000003 6.8028006103779877e-26
31 5.8923005433788574e-26
31.050000000000001 5.1113892562438993e-26
31.100000000000001 4.4300238690802809e-26
31.150000000000002 3.852752899475589e-26
31.200000000000003 3.3356389313272582e-26
31.25 2.8991096290911379e-26
31.300000000000001 2.5044401288838844e-26
31.350000000000001 2.1690758076137205e-26
31.400000000000002 1.8716404839919918e-26
31.450000000000003 1.6255862463071757e-26
31.5 1.4100561824194363e-26
31.550000000000001 1.2185004768818667e-26
31.600000000000001 1.0522816077076271e-26
31.650000000000002 9.1268582720689643e-27
31.700000000000003 7.8526548649866706e-27
31.75 6.7854689477981941e-27
31.800000000000001 5.8595084586949858e-27
31.850000000000001 5.1454787932318204e-27
31.900000000000002 4.5185010795820217e-27
31.950000000000003 3.8819846935006001e-27
32 3.3530296621521824e-27
32.050000000000004 2.8842448000889909e-27
32.100000000000001 2.5250816215448686e-27
32.149999999999999 2.2301597912441743e-27
32.200000000000003 1.9614702495310545e-27
32.25 1.7239324842894822e-27
32.300000000000004 1.4561776322026936e-27
32.350000000000001 1.230235035049023e-27
32.399999999999999 1.0459250062481097e-27
32.450000000000003 9.021196962062691e-28
32.5 7.7221101708126323e-28
32.550000000000004 6.5814101852924499e-28
32.600000000000001 5.6096111012022546e-28
32.649999999999999 4.8093728745387397e-28
32.700000000000003 4.1788930734151417e-28
32.75 3.713995822136358e-28
32.800000000000004 3.4111083778516466e-28
32.850000000000001 3.1128435406072735e-28
32.899999999999999 2.8295302018386196e-28
32.950000000000003 2.4439099960263402e-28
33 2.2122633752124946e-28
33.050000000000004 1.7838302166335002e-28
33.100000000000001 1.4153773812720432e-28
33.149999999999999 1.2919953071882691e-28
33.200000000000003 1.0304393897069964e-28
33.25 8.2244108933658575e-29
33.300000000000004 6.6496404030746909e-29
33.350000000000001 5.5051453402912454e-29
33.399999999999999 4.7546274671859509e-29
33.450000000000003 3.8002192891969162e-29
33.5 3.2189275776359148e-29
33.550000000000004 2.5004082473934741e-29
33.600000000000001 2.1064514419795424e-29
33.649999999999999 1.6195720434639253e-29
33.700000000000003 1.403945794539029e-29
33.75 1.4298864840649739e-29
33.800000000000004 1.3771995012310054e-29
33.850000000000001 1.2510311947725439e-29
33.899999999999999 1.0628384304114726e-29
33.950000000000003 8.3032587768030165e-30
34 8.0768658285837808e-30
34.050000000000004 7.4230293797276955e-30
34.100000000000001 6.4008341449578521e-30
34.149999999999999 5.1042241634651896e-30
34.200000000000003 5.5315297284353324e-30
34.25 5.7244994547122449e-30
34.300000000000004 5.6714194620656478e-30
34.350000000000001 5.3778786341610132e-30
34.399999999999999 4.8641430578540499e-30
34.450000000000003 4.1665624722983318e-30
34.5 3.3373277918947481e-30
34.550000000000004 2.4408326482275913e-30
34.600000000000001 1.5596887581149888e-30
34.649999999999999 7.9147234252042026e-31
34.700000000000003 8.3164051944395869e-31
34.75 8.255691659400016e-31
34.800000000000004 7.7448814160232441e-31
34.850000000000001 6.8298537543798633e-31
34.899999999999999 5.601604321763084e-31
34.950000000000003 4.1903382052724958e-31
35 2.7640901508749283e-31
35.050000000000004 1.5248974685807502e-31
35.100000000000001 3.8008139370336408e-31
35.149999999999999 7.3876137455991879e-31
35.200000000000003 1.2268023566041302e-30
35.25 8.5648950176665202e-31
35.300000000000004 5.2199170724726274e-31
35.350000000000001 2.548018895521131e-31
35.399999999999999 4.4903064727773151e-31
35.450000000000003 7.0691285947233757e-31
35.5 1.0280062705494116e-30
35.550000000000004 5.7705114902875118e-31
35.600000000000001 2.438439324412478e-31
35.649999999999999 3.7289937180615568e-31
35.700000000000003 5.3428578279372998e-31
35.75 7.2785099659330516e-31
35.800000000000004 9.533603015393749e-31
35.850000000000001 4.5559431309547053e-31
35.899999999999999 1.416137356986543e-31
35.950000000000003 1.9392986713452541e-31
36 2.5786489004212122e-31
36.050000000000004 3.3347606871884989e-31
36.100000000000001 4.206439735188582e-31
36.149999999999999 5.1889933185584012e-31
36.200000000000003 6.2876684990115145e-31
36.25 7.5013220364540254e-31
36.300000000000004 8.8279257244731271e-31
36.350000000000001 3.5073886248073711e-31
36.399999999999999 4.0994805974889579e-31
36.450000000000003 4.7415144833631852e-31
36.5 5.4329686254804841e-31
36.550000000000004 6.1729025287672586e-31
36.600000000000001 6.9627624146448788e-31
36.649999999999999 2.2296352515376125e-31
36.700000000000003 2.4556415490259792e-31
36.75 2.6929188778463657e-31
36.800000000000004 2.9413145194479884e-31
36.850000000000001 3.2014265262483763e-31
36.899999999999999 3.4716951089094313e-31
36.950000000000003 3.7567262408237854e-31
37 4.066048408782083e-31
37.050000000000004 4.3782158854895894e-31
37.100000000000001 1.0570433252617627e-31
37.149999999999999 1.3646724712536477e-30
37.200000000000003 1.6611804388184403e-31
37.25 3.1309080876124777e-31
37.300000000000004 1.0017402467682749e-30
37.350000000000001 2.2337087115073956e-30
37.399999999999999 8.4123829416663517e-30
37.450000000000003 9.3458722532581395e-30
37.5 2.468980730644107e-29
37.550000000000004 1.5796925663087903e-30
37.600000000000001 1.678959724164575e-30
37.649999999999999 2.6525806284899019e-31
37.700000000000003 9.906911993999949e-31
37.75 5.7645322391328208e-30
37.800000000000004 2.9201263454091982e-30
37.850000000000001 1.9770968043700483e-30
37.899999999999999 1.1956082423203784e-30
37.950000000000003 1.3314003114015595e-30
38 6.7046165576377034e-31
38.050000000000004 7.932740747521945e-31
38.100000000000001 1.9110973730140086e-30
38.149999999999999 1.0646444944499376e-30
38.200000000000003 3.7728403341496271e-30
38.25 1.1355109381048906e-29
38.300000000000004 1.5906896162439761e-29
38.350000000000001 1.4186786130612111e-29
38.400000000000006 1.2109585321915091e-29
38.450000000000003 7.4787556433203513e-30
38.5 3.8035487315347953e-30
38.550000000000004 1.2645759765452145e-30
38.600000000000001 9.781717819966128e-32
38.650000000000006 2.6606153681919373e-30
38.700000000000003 8.2120628076554217e-31
38.75 3.54054207686212e-30
38.800000000000004 1.2875487456348362e-30
38.850000000000001 3.6678942885749356e-30
38.900000000000006 5.9684020396829835e-30
38.950000000000003 2.693526926350851e-29
39 1.0669750988762491e-28
39.050000000000004 3.7223331851798773e-28
39.100000000000001 2.2464858763528084e-28
39.150000000000006 3.4994367748038636e-29
39.200000000000003 4.4163855938243069e-31
39.25 5.0180118536490975e-29
39.300000000000004 1.6903859220822414e-28
39.350000000000001 1.4716948303544825e-28
39.400000000000006 1.2417343526916258e-28
39.450000000000003 1.6202677629605386e-28
39.5 2.6120360343285858e-28
39.550000000000004 3.2258364588449788e-28
39.600000000000001 3.0993511805980078e-28
39.650000000000006 2.7815034719000084e-28
39.700000000000003 1.9321914924118331e-28
39.75 1.2865571162893358e-28
39.800000000000004 6.6857073829709892e-29
39.850000000000001 2.3106251056717487e-29
39.900000000000006 4.577066938685563e-30
39.950000000000003 4.0481615230549505e-31
