0 125001.23370055013
0.050000000000000003 125001.08086007056
0.10000000000000001 124994.93227483268
0.15000000000000002 124944.32732359914
0.20000000000000001 124748.81257057493
0.25 124247.193038343
0.30000000000000004 123249.74298110201
0.35000000000000003 121583.47610690935
0.40000000000000002 119130.84159966379
0.45000000000000001 115850.00795116664
0.5 111774.67775026722
0.55000000000000004 106998.80212816792
0.60000000000000009 101654.13954706799
0.65000000000000002 95887.981007781011
0.70000000000000007 89845.491664706366
0.75 83657.785638425878
0.80000000000000004 77435.965532154558
0.85000000000000009 71269.719477618346
0.90000000000000002 65228.66050410286
0.95000000000000007 59364.832595464803
1 53715.995609218124
1.05 48308.909545158414
1.1000000000000001 43162.057432408241
1.1500000000000001 38287.963558209471
1.2000000000000002 33694.93447519069
1.25 29388.410129336615
1.3 25371.884776531104
1.3500000000000001 21647.59432681201
1.4000000000000001 18216.975639003271
1.4500000000000002 15080.956461891381
1.5 12240.151850395416
1.55 9694.9839388794881
1.6000000000000001 7445.7547297646297
1.6500000000000001 5492.6884645263926
1.7000000000000002 3835.957603330367
1.75 2475.6965853802972
1.8 1412.0106304110166
1.8500000000000001 644.98073614348993
1.9000000000000001 174.66646115897944
1.9500000000000002 1.2643567911996187
2 67.543717525525182
2.0500000000000003 165.51027018066847
2.1000000000000001 210.36849553653809
2.1499999999999999 180.80087345967453
2.2000000000000002 98.064574585421909
2.25 42.099904191474664
2.3000000000000003 25.30270194282884
2.3500000000000001 23.81602833494938
2.4000000000000004 28.705828925203086
2.4500000000000002 35.916708292104587
2.5 43.362140372718265
2.5500000000000003 50.038715684878028
2.6000000000000001 55.289502216798368
2.6500000000000004 42.754204209973018
2.7000000000000002 9.3251276674269352
2.75 1.9137058321161662
2.8000000000000003 9.5942020389260847
2.8500000000000001 16.323545377180494
2.9000000000000004 6.1325998634508192
2.9500000000000002 2.1909386331306853
3 9.4797860936402287
3.0500000000000003 3.9110475674613543
3.1000000000000001 6.8499157468232479
3.1500000000000004 10.698841234583565
3.2000000000000002 5.0226539104377688
3.25 0.48452652676782865
3.3000000000000003 1.1863749975549682
3.3500000000000001 2.6998632694791764
3.4000000000000004 1.840463189039987
3.4500000000000002 2.5688950371595478
3.5 5.9260804120922774
3.5500000000000003 4.9496131976203213
3.6000000000000001 0.60634221690070345
3.6500000000000004 5.2875713105538029
3.7000000000000002 4.8899833174326455
3.75 0.11998177977032794
3.8000000000000003 0.75553454240207529
3.8500000000000001 0.15236539464689045
3.9000000000000004 5.1990211869343979
3.9500000000000002 0.17287658159638772
4 0.019121574126188881
4.0499999999999998 5.0964352047252017
4.1000000000000005 0.073366383130626267
4.1500000000000004 0.19770253875462748
4.2000000000000002 4.9151977439085073
4.25 0.024437176829695952
4.2999999999999998 0.10112663008704133
4.3500000000000005 5.0402958407870244
4.4000000000000004 0.014150617908425228
4.4500000000000002 0.14418645723983972
4.5 4.8620589421279243
4.5499999999999998 1.9319646999141049
4.6000000000000005 0.058528666137489284
4.6500000000000004 4.9726029974503962
4.7000000000000002 0.011386105900977349
4.75 0.041256594782574617
4.8000000000000007 4.9043350308186362
4.8500000000000005 0.0069961145035876311
4.9000000000000004 0.0078802735007189699
4.9500000000000002 4.9090860877140496
5 0.022199109108330933
5.0500000000000007 0.0049789314059305086
5.1000000000000005 4.9020338698640389
5.1500000000000004 0.019338797953099091
5.2000000000000002 4.8748279601192372
5.25 4.7192431543601101
5.3000000000000007 0.019628544025172657
5.3500000000000005 4.8130388501774695
5.4000000000000004 4.6402817574481006
5.4500000000000002 0.0077860238681430032
5.5 4.9118607408722408
5.5500000000000007 0.0024086017580774591
5.6000000000000005 0.0024389560645411397
5.6500000000000004 4.8917289592346727
5.7000000000000002 0.0024585169375718483
5.75 0.18924362397855179
5.8000000000000007 4.8440597904518885
5.8500000000000005 0.0040614924774344504
5.9000000000000004 4.7230609020088545
5.9500000000000002 4.8315501586579348
6 0.0022085016461344444
6.0500000000000007 4.9054833335616523
6.1000000000000005 0.0026874309023911047
6.1500000000000004 0.00097573613111659701
6.2000000000000002 4.8860995033950774
6.25 0.00054720218749935913
6.3000000000000007 0.00077332689981687614
6.3500000000000005 4.8703279035057863
6.4000000000000004 0.00079214105213300126
6.4500000000000002 4.5446970292634719
6.5 4.8570721527908125
6.5500000000000007 0.00051232529869335434
6.6000000000000005 4.899091965994983
6.6500000000000004 0.0093120872578621831
6.7000000000000002 0.00032473777396784795
6.75 4.883299854129235
6.8000000000000007 0.00042525582413002722
6.8500000000000005 0.0003332922214681985
6.9000000000000004 4.8812648531034339
6.9500000000000002 0.00021431439582722642
7 3.9993272740037877
7.0500000000000007 4.8664528775627529
7.1000000000000005 0.00011512015863311421
7.1500000000000004 4.8925520090214754
7.2000000000000002 0.064835293342064448
7.25 0.00011613110322538424
7.3000000000000007 4.8817647384698732
7.3500000000000005 0.0005399415911275865
7.4000000000000004 0.00021811384227127576
7.4500000000000002 4.8868058205556482
7.5 0.00012882717717445282
7.5500000000000007 0.9585334470171899
7.6000000000000005 4.8708494853420987
7.6500000000000004 3.1000458880581816e-05
7.7000000000000002 4.8865163746418583
7.75 2.1496963300154066
7.8000000000000007 5.5542042052409526e-05
7.8500000000000005 4.8810835779217117
7.9000000000000004 0.00067616894744313414
7.9500000000000002 0.00017499848507164731
8 4.8897743234752538
8.0500000000000007 0.00012580251224765206
8.0999999999999996 0.085904491733825111
8.1500000000000004 4.8729162834006328
8.2000000000000011 1.4747130348198629e-05
8.25 4.8815332012945847
8.3000000000000007 3.8635539770122507
8.3499999999999996 3.6864654194812557e-05
8.4000000000000004 4.8810927978835119
8.4500000000000011 0.00078159363535329268
8.5 0.00015897783107154126
8.5500000000000007 4.8913324153174678
8.5999999999999996 0.00013173372627685141
8.6500000000000004 0.04138030273744437
8.7000000000000011 4.8735948732037464
8.75 1.2008979930696244e-05
8.8000000000000007 4.8778957953172677
8.8499999999999996 4.1667614470626182
8.9000000000000004 3.0416070912695317e-05
8.9500000000000011 4.881664883513924
9 0.00083553023642155217
9.0500000000000007 0.00015641478486665912
9.0999999999999996 4.8920432602714738
9.1500000000000004 0.0001341289886584437
9.2000000000000011 0.035340699811559476
9.25 4.8732840307908063
9.3000000000000007 1.1334726061871094e-05
9.3499999999999996 4.8756697589972999
9.4000000000000004 4.2439428979825324
9.4500000000000011 2.8383534607243822e-05
9.5 4.8826571565224093
9.5500000000000007 0.00083659048593474287
9.6000000000000014 0.00016269205802139954
9.6500000000000004 4.8922027045425223
9.7000000000000011 0.00013175123715130835
9.75 0.043560437317972683
9.8000000000000007 4.872166960128868
9.8500000000000014 1.0490384018433324e-05
9.9000000000000004 4.8747256999793844
9.9500000000000011 4.2239405463186035
10 2.8602771569422104e-05
10.050000000000001 4.8839344709173256
10.100000000000001 0.00079643400537454841
10.15 0.00017648925855997874
10.200000000000001 4.89196893021533
10.25 0.00012540211561575971
10.300000000000001 0.081866990450033067
10.350000000000001 4.8703051568235045
10.4 9.181609315485041e-06
10.450000000000001 4.8748627788462437
10.5 4.1086527095218042
10.550000000000001 3.043972677787186e-05
10.600000000000001 4.8853860151816217
10.65 0.00073027572899137091
10.700000000000001 0.00019821804509827107
10.75 4.8914148292354973
10.800000000000001 0.00011614887459265181
10.850000000000001 0.35418844615332196
10.9 4.8676827054537517
10.950000000000001 7.5188922142180628e-06
11 4.8758213916788797
11.050000000000001 3.8094478106173364
11.100000000000001 3.3690311562665388e-05
11.15 4.8869077245570622
11.200000000000001 0.00065266294536962973
11.25 0.00022933174659543092
11.300000000000001 4.8905799362696829
11.350000000000001 0.00010504573109886322
11.4 2.7272547333816792
11.450000000000001 4.8642359441290903
11.5 5.6919124382499849e-06
11.550000000000001 4.8773560370146694
11.600000000000001 2.8797616509998805
11.65 3.8353495754037042e-05
11.700000000000001 4.8884148461843493
11.75 0.00057359671193524622
11.800000000000001 0.00027264851354292662
11.850000000000001 4.8894752214417885
11.9 9.2989164605625856e-05
11.950000000000001 4.0190297168194027
12 4.8598472020839472
12.050000000000001 3.8865854857267229e-06
12.100000000000001 4.879236641195134
12.15 0.5279233168534625
12.200000000000001 4.4494894879826251e-05
12.25 4.8898517231637291
12.300000000000001 0.00049887870160366808
12.350000000000001 0.00033320107748732654
12.4 4.8880971077389157
12.450000000000001 8.0703116303870454e-05
12.5 4.4005106669988185
12.550000000000001 4.8543190626068249
12.600000000000001 2.2743153928465738e-06
12.65 4.8813020920006496
12.700000000000001 0.069969752247846462
12.75 5.2328612827524984e-05
12.800000000000001 4.891161318270032
12.850000000000001 0.00043121375772201849
12.9 0.00041940135057044937
12.950000000000001 4.8864256765409815
13 6.8712339246299538e-05
13.050000000000001 4.5700997161639698
13.100000000000001 4.8473488993505498
13.15 1.0011873126843092e-06
13.200000000000001 4.8834369459032771
13.25 0.021915106481487621
13.300000000000001 6.216548165093139e-05
13.350000000000001 4.8923131431151248
13.4 0.00037087556726269981
13.450000000000001 0.00054734345595712421
13.5 4.8844238701727685
13.550000000000001 5.7424984075322347e-05
13.600000000000001 4.6637439295618295
13.65 4.8384541060769157
13.700000000000001 2.0183876872972459e-07
13.75 4.8854798706685596
13.800000000000001 0.0099676283666569141
13.850000000000001 7.4220253678357648e-05
13.9 4.8932765352807417
13.950000000000001 0.00031858288506920145
14 0.00074679060035376648
14.050000000000001 4.8820774130927989
14.100000000000001 4.6929930622081957e-05
14.15 4.7215359642623218
14.200000000000001 4.8270645597543433
14.25 1.6586061402962187e-08
14.300000000000001 4.8874902144798149
14.350000000000001 0.0054823153074501814
14.4 8.9358291696126598e-05
14.450000000000001 4.8939907139792735
14.5 0.00027291366280588505
14.550000000000001 0.0010811694970255131
14.600000000000001 4.8793061207553832
14.65 3.7448225059184279e-05
14.700000000000001 4.7607400784545995
14.75 4.8120260012302278
14.800000000000001 5.5104544345979774e-07
14.850000000000001 4.8893566502512682
14.9 0.003384777479121537
14.950000000000001 0.00010832766090079039
