0 125001.23370055013
0.050000000000000003 124997.08107047113
0.10000000000000001 124941.01651953041
0.15000000000000002 124719.90545662066
0.20000000000000001 124169.93466753597
0.25 123102.753123833
0.30000000000000004 121346.32454860829
0.35000000000000003 118783.71067141264
0.40000000000000002 115373.9729113467
0.45000000000000001 111151.77792093081
0.5 106211.61525428934
0.55000000000000004 100685.4210117896
0.60000000000000009 94721.210983980287
0.65000000000000002 88466.390730670377
0.70000000000000007 82056.3436489757
0.75 75608.643762170323
0.80000000000000004 69220.633852207175
0.85000000000000009 62969.638703788783
0.90000000000000002 56915.098139323818
0.95000000000000007 51100.93222375364
1 45558.447343634958
1.05 40311.144768065365
1.1000000000000001 35415.503341275755
1.1500000000000001 30937.292147175911
1.2000000000000002 26903.521771996093
1.25 23312.335999704865
1.3 20143.390249645279
1.3500000000000001 17365.717662543742
1.4000000000000001 14943.451215273844
1.4500000000000002 12839.539594043172
1.5 11017.944898428355
1.55 9444.899222331529
1.6000000000000001 8089.4207712299694
1.6500000000000001 6923.527648650479
1.7000000000000002 5922.2101621640941
1.75 5063.3109828181023
1.8 4327.3086261527014
1.8500000000000001 3697.1320214501407
1.9000000000000001 3157.9184578526811
1.9500000000000002 2696.7829888971619
2 2302.5794254651541
2.0500000000000003 1965.7188345369714
2.1000000000000001 1677.9390562104863
2.1499999999999999 1432.1494058909543
2.2000000000000002 1222.2662671511837
2.25 1043.0737103120325
2.3000000000000003 890.10430926693789
2.3500000000000001 759.53488908287477
2.4000000000000004 648.09530984064031
2.4500000000000002 552.98976041490255
2.5 471.82897530451135
2.5500000000000003 402.57156983189299
2.6000000000000001 343.47410963742078
2.6500000000000004 293.04814298110585
2.7000000000000002 250.02235151172647
2.75 213.31174714103582
2.8000000000000003 181.99006316800467
2.8500000000000001 155.26659989980146
2.9000000000000004 132.46660586195316
2.9500000000000002 113.01418183080801
3 96.417995846646733
3.0500000000000003 82.25869291971388
3.1000000000000001 70.178543450397669
3.1500000000000004 59.872356682422314
3.2000000000000002 51.079543300661989
3.25 43.577920086690902
3.3000000000000003 37.177967185617952
3.3500000000000001 31.717936825100825
3.4000000000000004 27.059806192571774
3.4500000000000002 23.085789997470993
3.5 19.69545083893366
3.5500000000000003 16.803019420169679
3.6000000000000001 14.335359476791128
3.6500000000000004 12.230067618319142
3.7000000000000002 10.433908009904211
3.75 8.9015662226549672
3.8000000000000003 7.5942894348426666
3.8500000000000001 6.479018131604307
3.9000000000000004 5.527549298782473
3.9500000000000002 4.7158228298337965
4 4.0233128703224175
4.0499999999999998 3.4325086337341788
4.1000000000000005 2.9284723029565694
4.1500000000000004 2.4984602253733641
4.2000000000000002 2.131595843524078
4.25 1.8186057096601158
4.2999999999999998 1.5515780382848203
4.3500000000000005 1.3237647283902949
4.4000000000000004 1.1294046235155109
4.4500000000000002 0.96358472168523901
4.5 0.82211364255631014
4.5499999999999998 0.70141561966787069
4.6000000000000005 0.59842866903485847
4.6500000000000004 0.51056427621647493
4.7000000000000002 0.43560280218554015
4.75 0.37164941322010792
4.8000000000000007 0.31708732391136341
4.8500000000000005 0.27053753607306363
4.9000000000000004 0.23082276679234792
4.9500000000000002 0.19693930595162701
5 0.16803084734020959
5.0500000000000007 0.14336693172759848
5.1000000000000005 0.12232416584732825
5.1500000000000004 0.10437079699861844
5.2000000000000002 0.089053170868016729
5.25 0.07598425903111844
5.3000000000000007 0.064833872434314002
5.3500000000000005 0.055320337894070044
5.4000000000000004 0.047203332420960468
5.4500000000000002 0.040277771850447022
5.5 0.034368752415040754
5.5500000000000007 0.029327062078921044
5.6000000000000005 0.025025344477413686
5.6500000000000004 0.021354936134405134
5.7000000000000002 0.01822316616649447
5.75 0.015550963027019468
5.8000000000000007 0.013270853153581621
5.8500000000000005 0.011325276590865851
5.9000000000000004 0.009665083101351956
5.9500000000000002 0.0082483243129509009
6 0.0070393175138060878
6.0500000000000007 0.0060100990147343228
6.1000000000000005 0.005129380427213304
6.1500000000000004 0.0043787453421740797
6.2000000000000002 0.0037369982234268608
6.25 0.0031905724638123284
6.3000000000000007 0.0027230465693246796
6.3500000000000005 0.0023247007926721773
6.4000000000000004 0.0019838218498934791
6.4500000000000002 0.001693647082136652
6.5 0.0014453937665272699
6.5500000000000007 0.0012339114852759226
6.6000000000000005 0.0010531103494343483
6.6500000000000004 0.00089935248956765591
6.7000000000000002 0.00076785068547131896
6.75 0.00065576102415184159
6.8000000000000007 0.00056004948181352773
6.8500000000000005 0.00047806438223402969
6.9000000000000004 0.00040824541037775197
6.9500000000000002 0.00034866202750328629
7 0.00029767998495812414
7.0500000000000007 0.00025422212100076759
7.1000000000000005 0.00021721134638220661
7.1500000000000004 0.00018559761117998286
7.2000000000000002 0.00015858690137341029
7.25 0.00013550913003134717
7.3000000000000007 0.00011579171093227136
7.3500000000000005 9.8908439411611097e-05
7.4000000000000004 8.4501674251615962e-05
7.4500000000000002 7.2176681999998571e-05
7.5 6.1670596133288577e-05
7.5500000000000007 5.2695075581056458e-05
7.6000000000000005 4.5046899968384201e-05
7.6500000000000004 3.8497937166916777e-05
7.7000000000000002 3.2905765476608184e-05
7.75 2.8130520461782941e-05
7.8000000000000007 2.40437586896728e-05
7.8500000000000005 2.0550112898469034e-05
7.9000000000000004 1.7565050267494017e-05
7.9500000000000002 1.5017935277283242e-05
8 1.2838524905667759e-05
8.0500000000000007 1.0972344785868826e-05
8.0999999999999996 9.3815186084854918e-06
8.1500000000000004 8.025684300677658e-06
8.2000000000000011 6.8585623194121451e-06
8.25 5.8620659542579217e-06
8.3000000000000007 5.010452474205817e-06
8.3499999999999996 4.2813182078811909e-06
8.4000000000000004 3.6589381522674859e-06
8.4500000000000011 3.1311667304505936e-06
8.5 2.6812405192982263e-06
8.5500000000000007 2.2974242024808866e-06
8.5999999999999996 1.964267063700041e-06
8.6500000000000004 1.6825552611289405e-06
8.7000000000000011 1.4375386341715635e-06
8.75 1.2284753833125619e-06
8.8000000000000007 1.0512804359732886e-06
8.8499999999999996 8.9969893315491035e-07
8.9000000000000004 7.7217504552571322e-07
8.9500000000000011 6.6272647176131175e-07
9 5.6732303231223822e-07
9.0500000000000007 4.8691030894749568e-07
9.0999999999999996 4.170102698835925e-07
9.1500000000000004 3.5693344274738471e-07
9.2000000000000011 3.054546497269755e-07
9.25 2.6121251851014557e-07
9.3000000000000007 2.2337589434708442e-07
9.3499999999999996 1.9095202357039554e-07
9.4000000000000004 1.6314804104912637e-07
9.4500000000000011 1.396181316502979e-07
9.5 1.1935513500798896e-07
9.5500000000000007 1.0204110839656209e-07
9.6000000000000014 8.7236159145349526e-08
9.6500000000000004 7.4585553760851114e-08
9.7000000000000011 6.3768694534915754e-08
9.75 5.4527636043777098e-08
9.8000000000000007 4.6633133093749439e-08
9.8500000000000014 3.9879600680336237e-08
9.9000000000000004 3.4108738815159025e-08
9.9500000000000011 2.9176065276164376e-08
10 2.4953547508539375e-08
10.050000000000001 2.1337907073955786e-08
10.100000000000001 1.8240458378847311e-08
10.15 1.5589711251785655e-08
10.200000000000001 1.3329922222290143e-08
10.25 1.1402052800200587e-08
10.300000000000001 9.7413515984057506e-09
10.350000000000001 8.3420254315293053e-09
10.4 7.1337426514084953e-09
10.450000000000001 6.100530521324217e-09
10.5 5.2152899904938391e-09
10.550000000000001 4.4587478731047256e-09
10.600000000000001 3.8112214644454699e-09
10.65 3.2586879752940518e-09
10.700000000000001 2.7855057741588335e-09
10.75 2.3780576715908496e-09
10.800000000000001 2.030320419815307e-09
10.850000000000001 1.7364367567141159e-09
10.9 1.4854787088832249e-09
10.950000000000001 1.2726585861562281e-09
11 1.0880528982169339e-09
11.050000000000001 9.313167168184997e-10
11.100000000000001 7.9640462387258362e-10
11.15 6.8066597044684113e-10
11.200000000000001 5.8286259687367076e-10
11.25 4.9910275882995194e-10
11.300000000000001 4.2684992131385624e-10
11.350000000000001 3.6492920181807015e-10
11.4 3.1206220128306289e-10
11.450000000000001 2.6627364520455867e-10
11.5 2.2774336573804756e-10
11.550000000000001 1.9480069458422556e-10
11.600000000000001 1.6656980067851474e-10
11.65 1.4242047826537987e-10
11.700000000000001 1.2177029901796017e-10
11.75 1.0414365731666895e-10
11.800000000000001 8.9053108600906121e-11
11.850000000000001 7.6162618028203729e-11
11.9 6.5061956477277356e-11
11.950000000000001 5.5586173986260666e-11
12 4.7484924427036986e-11
12.050000000000001 4.0551997320691462e-11
12.100000000000001 3.4623595282586042e-11
12.15 2.9567584467444658e-11
12.200000000000001 2.5242798307435828e-11
12.25 2.1551651178542084e-11
12.300000000000001 1.8397413624407343e-11
12.350000000000001 1.5706769498931961e-11
12.4 1.3407939240857457e-11
12.450000000000001 1.1447048013550274e-11
12.5 9.7731105648688377e-12
12.550000000000001 8.3539343519107955e-12
12.600000000000001 7.1381015974271437e-12
12.65 6.0998128741553618e-12
12.700000000000001 5.21106455790409e-12
12.75 4.4493079864382804e-12
12.800000000000001 3.8006751989069571e-12
12.850000000000001 3.2443509968410855e-12
12.9 2.7712940703765001e-12
12.950000000000001 2.36626197621124e-12
13 2.0204543768988166e-12
13.050000000000001 1.7245041304460478e-12
13.100000000000001 1.4728457159105504e-12
13.15 1.2610634954258793e-12
13.200000000000001 1.0813883128617634e-12
13.25 9.3284199986458536e-13
13.300000000000001 8.0297776182884592e-13
13.350000000000001 6.8889352414317985e-13
13.4 5.9218903355424526e-13
13.450000000000001 5.0728642711643188e-13
13.5 4.3215908978142459e-13
13.550000000000001 3.6201328863518883e-13
13.600000000000001 3.0748240920672503e-13
13.65 2.6147290900485516e-13
13.700000000000001 2.2225407947018755e-13
13.75 1.8985712630832348e-13
13.800000000000001 1.624386358831929e-13
13.850000000000001 1.3944013065208515e-13
13.9 1.20400446033556e-13
13.950000000000001 1.0540618446150989e-13
14 9.4753501918306222e-14
14.050000000000001 8.4403891357400424e-14
14.100000000000001 7.4968106035142663e-14
14.15 6.0000487590147491e-14
14.200000000000001 5.1637844413760339e-14
14.25 3.989649140013552e-14
14.300000000000001 3.4583889898884695e-14
14.350000000000001 4.0948388029686847e-14
14.4 2.6994995057512936e-14
14.450000000000001 2.8663621587304936e-14
14.5 1.7877165503113367e-14
14.550000000000001 1.7965528037651288e-14
14.600000000000001 4.1166080498680815e-14
14.65 4.6232133180317513e-14
14.700000000000001 3.0473590598836663e-14
14.75 6.453258927230259e-14
14.800000000000001 1.8310090935364107e-14
14.850000000000001 8.6389911612805202e-15
14.9 8.1836382851810926e-15
14.950000000000001 1.7520038068852326e-14
15 4.189346298341365e-14
15.050000000000001 3.2763585800638986e-14
15.100000000000001 5.573527710543065e-14
15.15 5.3634525875901912e-15
15.200000000000001 5.6783189853308215e-14
15.25 6.4606852968536632e-13
15.300000000000001 9.3922824580976679e-13
15.350000000000001 4.8276170802811765e-13
15.4 5.3679417829929466e-13
15.450000000000001 8.2006136222492702e-13
15.5 4.8199315455621971e-13
15.550000000000001 5.7793901051663889e-13
15.600000000000001 1.4977075434505433e-12
15.65 3.4951654642541089e-12
15.700000000000001 1.7208494743222717e-12
15.75 1.4384532452660256e-12
15.800000000000001 3.2699266863913256e-12
15.850000000000001 2.9910776491004868e-12
15.9 4.2540578241089016e-12
15.950000000000001 4.1121815029840079e-13
16 3.9631951436031594e-14
16.050000000000001 1.3562123100459116e-13
16.100000000000001 2.2776808572277222e-13
16.150000000000002 1.1670606580450932e-14
16.199999999999999 4.9655497019715461e-15
16.25 1.3631222261916098e-12
16.300000000000001 5.5255266483395766e-12
16.350000000000001 2.5540015258162466e-12
16.400000000000002 2.067954197055951e-12
16.449999999999999 2.2753297750427672e-13
16.5 4.3590225043512887e-12
16.550000000000001 7.8804576313404036e-12
16.600000000000001 5.5547042661588991e-12
16.650000000000002 3.1719854934929804e-12
16.699999999999999 6.9136159869173685e-14
16.75 2.7515621148921456e-11
16.800000000000001 4.5150389511001466e-11
16.850000000000001 6.6539833119503091e-11
16.900000000000002 2.0240623263984841e-11
16.949999999999999 2.6428164088098791e-13
17 2.1983102412427993e-11
17.050000000000001 2.2482403935838241e-11
17.100000000000001 2.0366554729458823e-10
17.150000000000002 1.5303573340451924e-10
17.199999999999999 1.4400542421926684e-10
17.25 1.9859438980377507e-11
17.300000000000001 9.0269499977820929e-13
17.350000000000001 1.1972758262716421e-09
17.400000000000002 1.3651363161551696e-09
17.449999999999999 5.4878609438694512e-10
17.5 1.2214738262511061e-10
17.550000000000001 1.3691364524531058e-11
17.600000000000001 2.0458902058131109e-11
17.650000000000002 9.6743551179518958e-11
17.699999999999999 3.5648070920748135e-11
17.75 6.0997608328151478e-12
17.800000000000001 1.1770969918975495e-11
17.850000000000001 2.0994440527354494e-10
17.900000000000002 1.1914224303164719e-09
17.949999999999999 5.223735416823167e-10
18 4.730480767226211e-09
18.050000000000001 1.0668246179909496e-08
18.100000000000001 4.5205280197556709e-09
18.150000000000002 1.2688309755972364e-08
18.199999999999999 1.1590993634278688e-08
18.25 7.8010507572762118e-09
18.300000000000001 1.1778732877312952e-09
18.350000000000001 3.3325323094030399e-09
18.400000000000002 1.8358438444067053e-08
18.449999999999999 9.0000278486977242e-08
18.5 1.2263723603988466e-07
18.550000000000001 6.9992275509224085e-08
18.600000000000001 1.985769107408879e-07
18.650000000000002 1.9239947084937753e-08
18.699999999999999 5.5708703912837406e-09
18.75 1.0767349177673281e-07
18.800000000000001 1.5007817636291634e-09
18.850000000000001 2.7909004217009723e-07
18.900000000000002 3.2766507714697387e-08
18.949999999999999 9.6480496472236046e-09
19 6.8334717821870821e-09
19.050000000000001 2.4787087817897136e-07
19.100000000000001 7.3012491437116029e-05
19.150000000000002 0.00023827291633244369
19.200000000000003 0.00045682310092703298
19.25 0.00077957093580202858
19.300000000000001 0.0010335086002150468
19.350000000000001 0.0011644709963615023
19.400000000000002 0.0011636921448979806
19.450000000000003 0.0010560428676987669
19.5 0.00088280701286198675
19.550000000000001 0.0006863965581669953
19.600000000000001 0.00050005009438959102
19.650000000000002 0.00034367819396892625
19.700000000000003 0.0002246727566876253
19.75 0.00014141521038109743
19.800000000000001 8.7351940545157692e-05
19.850000000000001 5.4511809381366386e-05
19.900000000000002 3.5739462930944065e-05
19.950000000000003 2.5681922147636571e-05
20 2.0828371526889072e-05
20.050000000000001 1.907160845191714e-05
20.100000000000001 1.9170634569446287e-05
20.150000000000002 2.0316124552650515e-05
20.200000000000003 2.1880881295502538e-05
20.25 2.3337333653118484e-05
20.300000000000001 2.4268360183714176e-05
20.350000000000001 1.2935398658105624e-05
20.400000000000002 4.5450772260309541e-06
20.450000000000003 8.2443636631891816e-07
20.5 1.6856876927392148e-08
20.550000000000001 7.134581830520189e-07
20.600000000000001 1.663639736674011e-06
20.650000000000002 2.4920612371136139e-06
20.700000000000003 2.7961310206723079e-06
20.75 2.0949794243378698e-06
20.800000000000001 1.6427268855020974e-06
20.850000000000001 1.2218046021810737e-06
20.900000000000002 4.5480168975070916e-07
20.950000000000003 1.9241652786334034e-07
21 2.6883989274832801e-06
21.050000000000001 1.1324280595124786e-05
21.100000000000001 1.0609489055990674e-05
21.150000000000002 1.8850777168776315e-05
21.200000000000003 2.5484535743146388e-05
21.25 2.9025436082766185e-05
21.300000000000001 2.9176389052794016e-05
21.350000000000001 2.6542829979598864e-05
21.400000000000002 2.2185487179695276e-05
21.450000000000003 1.7205391108419219e-05
21.5 1.2470172746355702e-05
21.550000000000001 8.5014711184987104e-06
21.600000000000001 5.4941592217662184e-06
21.650000000000002 3.4049725160735079e-06
21.700000000000003 2.0620095317314238e-06
21.75 1.2570381499879225e-06
21.800000000000001 8.0465226551576954e-07
21.850000000000001 5.6739604560268375e-07
21.900000000000002 4.5639454503617487e-07
21.950000000000003 4.1965480030531919e-07
22 4.1945799340871012e-07
22.050000000000001 1.4316221626332503e-07
22.100000000000001 2.2326801348419848e-08
22.150000000000002 1.6619134965702486e-09
22.200000000000003 3.1323640672235834e-08
22.25 5.7258606157446554e-08
22.300000000000001 9.7051417055730232e-08
22.350000000000001 9.3463225547560667e-08
22.400000000000002 6.3686575839837389e-08
22.450000000000003 5.0826438739572248e-08
22.5 5.8879140501341635e-08
22.550000000000001 4.4880149454851359e-08
22.600000000000001 5.1725905314120722e-08
22.650000000000002 6.5468084334173663e-08
22.700000000000003 3.6904540697949312e-07
22.75 7.7738771349778651e-07
22.800000000000001 1.1413989168107216e-06
22.850000000000001 1.3651891504626815e-06
22.900000000000002 1.3522663394052482e-06
22.950000000000003 8.6179594054220479e-07
23 4.7416162096906128e-07
23.050000000000001 1.9128467843522014e-07
23.100000000000001 8.8022574898998283e-08
23.150000000000002 9.1461130576564391e-08
23.200000000000003 1.2757431140399413e-08
23.25 2.7743379962718081e-08
23.300000000000001 5.2460410375133117e-08
23.350000000000001 8.8936161811866688e-09
23.400000000000002 3.1157217318423725e-08
23.450000000000003 6.5151888061516672e-08
23.5 2.6341097452245272e-08
23.550000000000001 5.5704267474739073e-08
23.600000000000001 7.0017457276881956e-08
23.650000000000002 2.8311658603214149e-08
23.700000000000003 6.9742995479573292e-09
23.75 2.3410634668694613e-08
23.800000000000001 4.6862569261108605e-08
23.850000000000001 7.1905526098642846e-08
23.900000000000002 9.2800733140478782e-08
23.950000000000003 1.0561998539675439e-07
24 1.0893639334612532e-07
24.050000000000001 1.0355502580160346e-07
24.100000000000001 9.1823071813575444e-08
24.150000000000002 7.6637111739337253e-08
24.200000000000003 6.0671692505534168e-08
24.25 4.5901290515198468e-08
24.300000000000001 3.3456243008403222e-08
24.350000000000001 2.3744004568369042e-08
24.400000000000002 1.6628269176721617e-08
24.450000000000003 1.1675596826321121e-08
24.5 8.3787559453052033e-09
24.550000000000001 6.2654631679926902e-09
24.600000000000001 4.5974684252022744e-09
24.650000000000002 1.3585213727701059e-09
24.700000000000003 2.5340265259508922e-11
24.75 1.5634180520949334e-10
24.800000000000001 7.8094441806845876e-10
24.850000000000001 1.2505797903461421e-09
24.900000000000002 1.2633441349499672e-09
24.950000000000003 2.5837046279467936e-09
25 4.6209795908661358e-09
25.050000000000001 4.3039744710501131e-09
25.100000000000001 1.0954964382309072e-09
25.150000000000002 1.5779966513941859e-09
25.200000000000003 1.2362475287655633e-10
25.25 3.052403546271441e-09
25.300000000000001 2.2639090493000935e-09
25.350000000000001 6.0362590613820988e-09
25.400000000000002 9.8684687161585811e-09
25.450000000000003 8.179983816951213e-09
25.5 9.8442840504026094e-09
25.550000000000001 8.4134351577752012e-09
25.600000000000001 8.1694565178404083e-09
25.650000000000002 3.1988982547594654e-09
25.700000000000003 2.3853370881417863e-09
25.75 9.9903239253196047e-10
25.800000000000001 1.0070030736549136e-09
25.850000000000001 3.4701968563060584e-10
25.900000000000002 4.8465079979423533e-10
25.950000000000003 4.5582015528030911e-11
26 1.8563820515066325e-10
26.050000000000001 4.4549692672230213e-11
26.100000000000001 2.3018564499092383e-10
26.150000000000002 5.3729151560985084e-10
26.200000000000003 6.5813379943901599e-10
26.25 1.002996052711579e-09
26.300000000000001 7.764963833919557e-10
26.350000000000001 9.7360570601375545e-10
26.400000000000002 1.0935580693474707e-09
26.450000000000003 1.1237697331418282e-09
26.5 6.9356746034168564e-10
26.550000000000001 6.5104819937957916e-10
26.600000000000001 5.9049234482169708e-10
26.650000000000002 5.1938399617475966e-10
26.700000000000003 4.4470561568850861e-10
26.75 3.7222821341072442e-10
26.800000000000001 3.0603001599802912e-10
26.850000000000001 2.4854306616928365e-10
26.900000000000002 2.0041326423326486e-10
26.950000000000003 1.6147898948056172e-10
27 1.3058206938601875e-10
27.050000000000001 1.0649121203830483e-10
27.100000000000001 8.8251410111716705e-11
27.150000000000002 7.4012766636268858e-11
27.200000000000003 3.0997149420738263e-11
27.25 8.3490961532569855e-12
27.300000000000001 3.8458484141407011e-12
27.350000000000001 2.0095680424117148e-12
27.400000000000002 1.408466867015214e-12
27.450000000000003 1.5390234004698448e-12
27.5 2.2048535202510901e-12
27.550000000000001 3.2980544558713581e-12
27.600000000000001 4.8569760663111314e-13
27.650000000000002 1.0708126960158227e-12
27.700000000000003 8.128428321116699e-12
27.75 1.0118862025971014e-11
27.800000000000001 1.1064350038181402e-11
27.850000000000001 1.0355537076844236e-11
27.900000000000002 8.7114324016347653e-12
27.950000000000003 1.6216043732018091e-11
28 1.2045090503280435e-11
28.050000000000001 1.8269290032960768e-11
28.100000000000001 2.3014569224651608e-11
28.150000000000002 2.5761192343297965e-11
28.200000000000003 2.6261259468892269e-11
28.25 2.4793558459076129e-11
28.300000000000001 1.4160528020269405e-11
28.350000000000001 1.2307958344237856e-11
28.400000000000002 1.0467332648465892e-11
28.450000000000003 1.648417334339497e-12
28.5 1.7421210564403701e-12
28.550000000000001 2.6464433489970584e-13
28.600000000000001 6.1851351085093292e-13
28.650000000000002 3.8251260944262744e-14
28.700000000000003 4.1143522727093747e-13
28.75 2.8754956307932095e-14
28.800000000000001 4.9077096659579519e-13
28.850000000000001 1.2773156720977912e-13
28.900000000000002 1.2207836148017357e-12
28.950000000000003 2.8692023573604038e-12
29 4.3063448270560083e-12
29.050000000000001 5.3028852826858427e-12
29.100000000000001 5.6709329998326329e-12
29.150000000000002 5.4393137569945261e-12
29.200000000000003 4.8011220269753602e-12
29.25 3.9392034879968609e-12
29.300000000000001 3.0423589267870423e-12
29.350000000000001 2.2407378516066097e-12
29.400000000000002 1.5653249194886122e-12
29.450000000000003 4.1636767612419373e-13
29.5 2.8661579238834438e-13
29.550000000000001 2.1934642301695987e-13
29.600000000000001 1.8761523605272212e-13
29.650000000000002 1.7631293033763931e-13
29.700000000000003 8.4181345295888348e-15
29.75 2.7099231738766823e-14
29.800000000000001 6.2873409457245174e-14
29.850000000000001 1.1108874698398727e-13
29.900000000000002 1.6240813553843836e-13
29.950000000000003 2.8787172194141232e-14
30 6.5868815849072645e-14
30.050000000000001 1.1392564311636169e-13
30.100000000000001 9.5725175241073321e-15
30.150000000000002 4.0208819513447978e-14
30.200000000000003 8.3901302960682339e-14
30.25 1.2799359769993045e-13
30.300000000000001 1.6437095156998638e-13
30.350000000000001 1.9043797938018502e-13
30.400000000000002 2.0501214559066248e-13
30.450000000000003 1.8845283830829113e-13
30.5 1.6426121423466819e-13
30.550000000000001 1.4008645876674221e-13
30.600000000000001 1.1176857508970584e-13
30.650000000000002 9.049298118782055e-14
30.700000000000003 7.197278667204883e-14
30.75 5.6599894601619512e-14
30.800000000000001 4.3932922339521492e-14
30.850000000000001 3.3902046430641601e-14
30.900000000000002 2.6324808677037579e-14
30.950000000000003 2.0719699261312898e-14
31 1.6434233207094388e-14
31.050000000000001 1.3606405672249032e-14
31.100000000000001 1.1462756804226884e-14
31.150000000000002 9.7544850173724587e-15
31.200000000000003 8.4761464109023876e-15
31.25 7.4344596540488189e-15
31.300000000000001 6.6468131005935065e-15
31.350000000000001 5.9463056905327937e-15
31.400000000000002 5.3449550435138343e-15
31.450000000000003 4.8115709612333635e-15
31.5 4.3413701355336594e-15
31.550000000000001 3.8861595301626798e-15
31.600000000000001 3.4582206893825186e-15
31.650000000000002 3.061485174524229e-15
31.700000000000003 2.6992842621486141e-15
31.75 2.3580929169440892e-15
31.800000000000001 2.049949523000878e-15
31.850000000000001 1.774301685283995e-15
31.900000000000002 1.5304734946892197e-15
31.950000000000003 1.316388334495387e-15
32 1.1308208142411753e-15
32.050000000000004 9.707317048557544e-16
32.100000000000001 8.3275124085040255e-16
32.149999999999999 7.1497739848689241e-16
32.200000000000003 6.1395532707346308e-16
32.25 5.2826506701336946e-16
32.300000000000004 4.5507829745052886e-16
32.350000000000001 3.9280374507853644e-16
32.399999999999999 3.3995568268635162e-16
32.450000000000003 2.9476114118195895e-16
32.5 2.5589718938869669e-16
32.550000000000004 2.223724101638659e-16
32.600000000000001 1.9336580777407564e-16
32.649999999999999 1.6820106117035304e-16
32.700000000000003 1.4622992201627321e-16
32.75 1.2716024840245563e-16
32.800000000000004 1.1053353455635853e-16
32.850000000000001 9.6092090611484045e-17
32.899999999999999 8.3448881894962332e-17
32.950000000000003 7.2477039926993301e-17
33 6.2873451400262564e-17
33.050000000000004 5.4529761880793975e-17
33.100000000000001 4.726323037436246e-17
33.149999999999999 4.0930324516713633e-17
33.200000000000003 3.5434559060375483e-17
33.25 3.068157301788112e-17
33.300000000000004 2.6565792070856955e-17
33.350000000000001 2.2998081821480476e-17
33.399999999999999 1.9913534856515487e-17
33.450000000000003 1.7245240920946423e-17
33.5 1.4937403771164129e-17
33.550000000000004 1.2942028476401269e-17
33.600000000000001 1.1215300442731293e-17
33.649999999999999 9.7213658784701437e-18
33.700000000000003 8.4280763718741753e-18
33.75 7.3078476152719374e-18
33.800000000000004 6.3363971958550756e-18
33.850000000000001 5.4945715283873439e-18
33.899999999999999 4.7645878188291689e-18
33.950000000000003 4.1320727737502664e-18
34 3.5835294342647597e-18
34.050000000000004 3.1077399843698087e-18
34.100000000000001 2.6951505443195812e-18
34.149999999999999 2.3366946519287906e-18
34.200000000000003 2.025912918126554e-18
34.25 1.7563730631727704e-18
34.300000000000004 1.522607758550268e-18
34.350000000000001 1.3198866969785833e-18
34.399999999999999 1.1441024536666795e-18
34.450000000000003 9.9165972541432087e-19
34.5 8.5952123801561584e-19
34.550000000000004 7.4500090697971124e-19
34.600000000000001 6.4568397985792945e-19
34.649999999999999 5.5967093883986872e-19
34.700000000000003 4.8507175712589779e-19
34.75 4.204156915288448e-19
34.800000000000004 3.6436552562768268e-19
34.850000000000001 3.1579024482864394e-19
34.899999999999999 2.7372273484088177e-19
34.950000000000003 2.3725393241383543e-19
35 2.0563029455332102e-19
35.050000000000004 1.7824302312973776e-19
35.100000000000001 1.5451605606494399e-19
35.149999999999999 1.3395206304692965e-19
35.200000000000003 1.1613146603776438e-19
35.25 1.0068324188378673e-19
35.300000000000004 8.729102694936907e-20
35.350000000000001 7.5681544129654888e-20
35.399999999999999 6.5612609560498392e-20
35.450000000000003 5.6884136141633679e-20
35.5 4.9313116865952887e-20
35.550000000000004 4.2748012061441573e-20
35.600000000000001 3.7052369427506136e-20
35.649999999999999 3.2116482478157881e-20
35.700000000000003 2.7839612499509866e-20
35.75 2.4133445432754332e-20
35.800000000000004 2.0921593865163892e-20
35.850000000000001 1.8136879912151567e-20
35.899999999999999 1.572212165523903e-20
35.950000000000003 1.3628629643305928e-20
36 1.1813481481379858e-20
36.050000000000004 1.0240688337869105e-20
36.100000000000001 8.8769203182882379e-21
36.149999999999999 7.6943997674666124e-21
36.200000000000003 6.6698989790465393e-21
36.25 5.7813765716913792e-21
36.300000000000004 5.0114959304292755e-21
36.350000000000001 4.3445514005710214e-21
36.399999999999999 3.7664159700357442e-21
36.450000000000003 3.2648826202621273e-21
36.5 2.8302395027149485e-21
36.550000000000004 2.4532632782222035e-21
36.600000000000001 2.1265844738060321e-21
36.649999999999999 1.8433787151093028e-21
36.700000000000003 1.5979651481924888e-21
36.75 1.3852507529204775e-21
36.800000000000004 1.2009086519046868e-21
36.850000000000001 1.0410910079539208e-21
36.899999999999999 9.0254961741351413e-22
36.950000000000003 7.8239310033177509e-22
37 6.7822165121462482e-22
37.050000000000004 5.8795903549117593e-22
37.100000000000001 5.0965407907642844e-22
37.149999999999999 4.4177421682613027e-22
37.200000000000003 3.8295998058344884e-22
37.25 3.3197454807281569e-22
37.300000000000004 2.8776973666132646e-22
37.350000000000001 2.4947732016954194e-22
37.399999999999999 2.1628525585590173e-22
37.450000000000003 1.874988298883046e-22
37.5 1.6254828981988546e-22
37.550000000000004 1.4092900036815023e-22
37.600000000000001 1.2218139357829722e-22
37.649999999999999 1.0592230558312e-22
37.700000000000003 9.1832298375665321e-23
37.75 7.9605652486640759e-23
37.800000000000004 6.9017297345576315e-23
37.850000000000001 5.9824101485532671e-23
37.899999999999999 5.1867638932338516e-23
37.950000000000003 4.4970448794002402e-23
38 3.8995693482967654e-23
38.050000000000004 3.3809359706281613e-23
38.100000000000001 2.9315454209787264e-23
38.149999999999999 2.5420120590956515e-23
38.200000000000003 2.2049728150617847e-23
38.25 1.9127473391038941e-23
38.300000000000004 1.6591814511990339e-23
38.350000000000001 1.4394756649004618e-23
38.400000000000006 1.2490157503494558e-23
38.450000000000003 1.0836482390160819e-23
38.5 9.4023320811776616e-24
38.550000000000004 8.1615258608226114e-24
38.600000000000001 7.0846992447154313e-24
38.650000000000006 6.1511700502063598e-24
38.700000000000003 5.3447027310050433e-24
38.75 4.6445047625426024e-24
38.800000000000004 4.0359633840183364e-24
38.850000000000001 3.5080274676629073e-24
38.900000000000006 3.0513304735181734e-24
38.950000000000003 2.6548852701557331e-24
39 2.3111166481698784e-24
39.050000000000004 2.013720031206083e-24
39.100000000000001 1.7554010196889946e-24
39.150000000000006 1.5314187567934612e-24
39.200000000000003 1.338232243131172e-24
39.25 1.1699317272306637e-24
39.300000000000004 1.0243387450502653e-24
39.350000000000001 8.9765283591955798e-25
39.400000000000006 7.8850059300255211e-25
39.450000000000003 6.935208771973272e-25
39.5 6.1105710525482243e-25
39.550000000000004 5.3940198496091321e-25
39.600000000000001 4.7805417055842831e-25
39.650000000000006 4.2438606497968969e-25
39.700000000000003 3.7782749435354557e-25
39.75 3.3780858063168364e-25
39.800000000000004 3.027203433902925e-25
39.850000000000001 2.7251271461379388e-25
39.900000000000006 2.4614089733702915e-25
39.950000000000003 2.2334873363293107e-25
