0 5.059802200544679
0.050000000000000003 4.9386676050266765
0.10000000000000001 4.6219943289162657
0.15000000000000002 4.1850844997233763
0.20000000000000001 3.684661290606392
0.25 3.1616306716225289
0.30000000000000004 2.644724565730546
0.35000000000000003 2.1537463226585247
0.40000000000000002 1.7021704952286982
0.45000000000000001 1.3040106977281358
0.5 0.97803342725249565
0.55000000000000004 0.72724659057713104
0.60000000000000009 0.54275943058612464
0.65000000000000002 0.41105334428601503
0.70000000000000007 0.31854145969166087
0.75 0.25373356437577849
0.80000000000000004 0.20783150174008386
0.85000000000000009 0.17452060134644087
0.90000000000000002 0.14947077517276658
0.95000000000000007 0.12980459312147635
1 0.11364797809769243
1.05 0.099796178590791179
1.1000000000000001 0.087491055190137015
1.1500000000000001 0.076275785653915351
1.2000000000000002 0.065905226104985726
1.25 0.056294120751574708
1.3 0.047486261821371202
1.3500000000000001 0.039754860000541001
1.4000000000000001 0.033391576770396079
1.4500000000000002 0.028354377470089592
1.5 0.024394899014540512
1.55 0.021205350926809599
1.6000000000000001 0.018517316156771157
1.6500000000000001 0.016147193651465205
1.7000000000000002 0.013998813541569399
1.75 0.012041340271976331
1.8 0.010279203982817451
1.8500000000000001 0.0087257648285998159
1.9000000000000001 0.0073870954292861793
1.9500000000000002 0.0062554613417819555
2 0.0053104977573885243
2.0500000000000003 0.0045243124696991797
2.1000000000000001 0.0038673252812306659
2.1499999999999999 0.0033128536939165129
2.2000000000000002 0.0028395570055464287
2.25 0.0024318736122585019
2.3000000000000003 0.0020791322072975841
2.3500000000000001 0.0017740363836553001
2.4000000000000004 0.0015112075098004957
2.4500000000000002 0.0012860947775455457
2.5 0.0010943746641890776
2.5500000000000003 0.0009317601163996845
2.6000000000000001 0.00079407250492218896
2.6500000000000004 0.00067741740759517141
2.7000000000000002 0.00057834700664021713
2.75 0.00049394784062802867
2.8000000000000003 0.00042184333168308479
2.8500000000000001 0.00036013124191749886
2.9000000000000004 0.00030728821138103395
2.9500000000000002 0.00026207037930274242
3 0.00022343235708199778
3.0500000000000003 0.00019046985695013707
3.1000000000000001 0.00016238629732235514
3.1500000000000004 0.00013847683414580148
3.2000000000000002 0.00011812197632574715
3.25 0.00010078433932608636
3.3000000000000003 8.600451731649632e-05
3.3500000000000001 7.3394565517856972e-05
3.4000000000000004 6.2629238501413307e-05
3.4500000000000002 5.3435965302591549e-05
3.5 4.5585669879312175e-05
3.5500000000000003 3.8884370202391077e-05
3.6000000000000001 3.3166446100807221e-05
3.6500000000000004 2.8289629052096572e-05
3.7000000000000002 2.4131249856219099e-05
3.75 2.0585756600935519e-05
3.8000000000000003 1.7562540055100868e-05
3.8500000000000001 1.4984128330933915e-05
3.9000000000000004 1.2784532010334864e-05
3.9500000000000002 1.0907685194984933e-05
4 9.3061083511902504e-06
4.0499999999999998 7.9394075216412982e-06
4.1000000000000005 6.7732081878759548e-06
4.1500000000000004 5.7782045611107266e-06
4.2000000000000002 4.929364283045904e-06
4.25 4.2052804968590945e-06
4.2999999999999998 3.5876424419850772e-06
4.3500000000000005 3.0607964016280503e-06
4.4000000000000004 2.611374193628185e-06
4.4500000000000002 2.2279716359266856e-06
4.5 1.9008674666818865e-06
4.5499999999999998 1.621782657002997e-06
4.6000000000000005 1.3836655670610968e-06
4.6500000000000004 1.1805019845236673e-06
4.7000000000000002 1.007165076078949e-06
4.75 8.5928034276044026e-07
4.8000000000000007 7.3311368852391213e-07
4.8500000000000005 6.2547713822629021e-07
4.9000000000000004 5.3363843149158841e-07
4.9500000000000002 4.5528896019383463e-07
5 3.8844642131066596e-07
5.0500000000000007 3.3141966112317042e-07
5.1000000000000005 2.8276631308669165e-07
5.1500000000000004 2.4125650816013752e-07
5.2000000000000002 2.0584093773346823e-07
5.25 1.7562494870725444e-07
5.3000000000000007 1.4984528891697946e-07
5.3500000000000005 1.2785080457737035e-07
5.4000000000000004 1.0908566332172955e-07
5.4500000000000002 9.3075666592118367e-08
5.5 7.9416204631063805e-08
5.5500000000000007 6.7762067449273739e-08
5.6000000000000005 5.7818760186895371e-08
5.6500000000000004 4.9335069883669005e-08
5.7000000000000002 4.2096665982312466e-08
5.75 3.5920691991724093e-08
5.8000000000000007 3.0651192859780041e-08
5.8500000000000005 2.6155105350594873e-08
5.9000000000000004 2.2318867136260735e-08
5.9500000000000002 1.9045619151380999e-08
6 1.6252713696501912e-08
6.0500000000000007 1.3869639654723634e-08
6.1000000000000005 1.183622783495135e-08
6.1500000000000004 1.0101124592369451e-08
6.2000000000000002 8.6204563932951919e-09
6.25 7.3569169406642809e-09
6.3000000000000007 6.2811862234673157e-09
6.3500000000000005 5.3609525012081202e-09
6.4000000000000004 4.5773242200600085e-09
6.4500000000000002 3.9072261108117758e-09
6.5 3.3355410191479318e-09
6.5500000000000007 2.8468233350047339e-09
6.6000000000000005 2.4303545583197981e-09
6.6500000000000004 2.0738988837298029e-09
6.7000000000000002 1.7708786384557579e-09
6.75 1.5117555990411306e-09
6.8000000000000007 1.2901550524628758e-09
6.8500000000000005 1.1016966502128303e-09
6.9000000000000004 9.4055137009745566e-10
6.9500000000000002 8.0276503693902749e-10
7 6.8553123945442481e-10
7.0500000000000007 5.8513276722782346e-10
7.1000000000000005 4.9971180973916113e-10
7.1500000000000004 4.2690499322323141e-10
7.2000000000000002 3.6476291981531194e-10
7.25 3.1166724344969836e-10
7.3000000000000007 2.6630139220903989e-10
7.3500000000000005 2.2754032763410793e-10
7.4000000000000004 1.9442269197076228e-10
7.4500000000000002 1.6612700761953097e-10
7.5 1.4195132233208165e-10
7.5500000000000007 1.2129583334561268e-10
7.6000000000000005 1.0360557702703782e-10
7.6500000000000004 8.8541955389639495e-11
7.7000000000000002 7.5653489082769769e-11
7.75 6.4621514923711699e-11
7.8000000000000007 5.5217080395887406e-11
7.8500000000000005 4.7194230418619183e-11
7.9000000000000004 4.0345993772126665e-11
7.9500000000000002 3.4484824034332364e-11
8 2.9485071430103505e-11
8.0500000000000007 2.521416363272981e-11
8.0999999999999996 2.1551806716197361e-11
8.1500000000000004 1.842960315552926e-11
8.2000000000000011 1.5753418607450012e-11
8.25 1.3466040318364064e-11
8.3000000000000007 1.1510010389006529e-11
8.3499999999999996 9.8391406365700103e-12
8.4000000000000004 8.4134974981334664e-12
8.4500000000000011 7.1914917870064384e-12
8.5 6.1478702229836781e-12
8.5500000000000007 5.2546547257462631e-12
8.5999999999999996 4.4910261148148216e-12
8.6500000000000004 3.8380559768012557e-12
8.7000000000000011 3.2814655771565988e-12
8.75 2.8058904238315986e-12
8.8000000000000007 2.3981038003524398e-12
8.8499999999999996 2.0560145662612202e-12
8.9000000000000004 1.7574320155123665e-12
8.9500000000000011 1.5020100142015406e-12
9 1.2848996987901196e-12
9.0500000000000007 1.0990038227349073e-12
9.0999999999999996 9.4252146462135733e-13
9.1500000000000004 8.0839584355183682e-13
9.2000000000000011 6.9246051133662202e-13
9.25 5.9147786498285915e-13
9.3000000000000007 5.0532676421456485e-13
9.3499999999999996 4.3244918505428343e-13
9.4000000000000004 3.7113759014550529e-13
9.4500000000000011 3.1753230944341803e-13
9.5 2.7163298220404492e-13
9.5500000000000007 2.321205272807057e-13
9.6000000000000014 1.9882194092955594e-13
9.6500000000000004 1.7013431350688302e-13
9.7000000000000011 1.4567224519893135e-13
9.75 1.2481079424170993e-13
9.8000000000000007 1.068029351732324e-13
9.8500000000000014 9.1325947657241411e-14
9.9000000000000004 7.8094287434664356e-14
9.9500000000000011 6.6812693885909864e-14
10 5.7156978352758283e-14
10.050000000000001 4.8900400424024685e-14
10.100000000000001 4.1841980980139617e-14
10.15 3.5766953081067254e-14
10.200000000000001 3.0580095348593131e-14
10.25 2.6152501367171521e-14
10.300000000000001 2.2446247830452686e-14
10.350000000000001 1.919580760990242e-14
10.4 1.6417233033262721e-14
10.450000000000001 1.4048314249904581e-14
10.5 1.2017810828572637e-14
10.550000000000001 1.0280745514344607e-14
10.600000000000001 8.7962905583300729e-15
10.65 7.5269985723318299e-15
10.700000000000001 6.4361838561777177e-15
10.75 5.5088415611516631e-15
10.800000000000001 4.713887949338332e-15
10.850000000000001 4.0451274996923411e-15
10.9 3.4837198720247075e-15
10.950000000000001 2.9996020922994223e-15
11 2.5760352493889089e-15
11.050000000000001 2.2094741420102945e-15
11.100000000000001 2.2097693700322787e-15
11.15 2.548866629395134e-15
11.200000000000001 2.7851049319454305e-15
11.25 2.7684674938650937e-15
11.300000000000001 2.5073440628770857e-15
11.350000000000001 2.0793337367706282e-15
11.4 1.6323288666528589e-15
11.450000000000001 1.2278388427174433e-15
11.5 8.7229164138725945e-16
11.550000000000001 6.0328067422143549e-16
11.600000000000001 4.3579244674059588e-16
11.65 3.3969243757911442e-16
11.700000000000001 2.8444214054490834e-16
11.75 2.4191875778277485e-16
11.800000000000001 2.0718402945769578e-16
11.850000000000001 1.7663230147567114e-16
11.9 1.5308245484869849e-16
11.950000000000001 1.3250863592583448e-16
12 1.1484293496667617e-16
12.050000000000001 1.1360092471869288e-16
12.100000000000001 1.2182071173637273e-16
12.15 1.4402864875360403e-16
12.200000000000001 1.6722814211594188e-16
12.25 1.9685223409082028e-16
12.300000000000001 1.1909508349346598e-16
12.350000000000001 8.7553169772252981e-17
12.4 3.2686114716377496e-17
12.450000000000001 7.3632699002942574e-17
12.5 1.4827405782095994e-16
12.550000000000001 3.060945683076482e-16
12.600000000000001 3.402282630647595e-16
12.65 2.6751704879113643e-16
12.700000000000001 1.1208849738736697e-16
12.75 2.9910429887191274e-17
12.800000000000001 9.3225560491089717e-18
12.850000000000001 2.4394691841529769e-17
12.9 4.0959274860734735e-17
12.950000000000001 3.5272218777510704e-17
13 3.5675427036668308e-17
13.050000000000001 7.6694341347892722e-17
13.100000000000001 1.9315889759513452e-16
13.15 1.7063340727937516e-16
13.200000000000001 1.5352858051427337e-16
13.25 2.9563353729543593e-16
13.300000000000001 4.8270724393517081e-16
13.350000000000001 1.5752444348837177e-15
13.4 4.094863969464543e-15
13.450000000000001 4.8727529212200093e-15
13.5 5.7525808005450681e-15
13.550000000000001 5.1316036081332429e-15
13.600000000000001 3.3863539968228741e-15
13.65 1.4488722243033197e-15
13.700000000000001 6.1894550902295509e-16
13.75 4.2942852132961851e-18
13.800000000000001 1.8644344114703472e-16
13.850000000000001 7.1062973303805266e-16
13.9 2.6302329343851997e-15
13.950000000000001 6.7316321912274815e-15
14 5.9512728322216315e-15
14.050000000000001 6.6624533396109837e-15
14.100000000000001 7.088081568538555e-15
14.15 7.5095191977930582e-15
14.200000000000001 1.5231004811020154e-15
14.25 6.0384540011837307e-19
14.300000000000001 2.1845577364850856e-17
14.350000000000001 3.8784127381483129e-18
14.4 1.7280038285440113e-16
14.450000000000001 3.6492686365294794e-16
14.5 6.5733466709900437e-17
14.550000000000001 2.1003695686784587e-15
14.600000000000001 3.6267315132908699e-15
14.65 6.538393522345916e-16
14.700000000000001 1.9850378841425453e-15
14.75 1.5904279336905144e-15
14.800000000000001 1.5156029388275707e-15
14.850000000000001 4.845038128307525e-16
14.9 4.334085352645887e-15
14.950000000000001 1.2647368154582044e-15
15 6.073907547895905e-15
15.050000000000001 6.7546816337087744e-15
15.100000000000001 6.7701833944025287e-15
15.15 3.1732245801948288e-15
15.200000000000001 1.1510968731386207e-17
15.25 1.1874433439833452e-14
15.300000000000001 6.809162888409717e-15
15.350000000000001 2.5664319700713866e-15
15.4 5.0148844654789947e-15
15.450000000000001 1.7978658282692128e-14
15.5 6.045344611265293e-14
15.550000000000001 6.6646415973991635e-14
15.600000000000001 2.1053943646314925e-14
15.65 1.6852720871738482e-14
15.700000000000001 1.3857395125026387e-13
15.75 3.3143479055352145e-13
15.800000000000001 2.683799331904783e-14
15.850000000000001 1.2096923682796203e-13
15.9 6.4264150276081216e-14
15.950000000000001 1.2020883386842234e-13
16 2.0828030254952634e-13
16.050000000000001 5.4800021284018167e-14
16.100000000000001 2.5127389286674671e-14
16.150000000000002 3.6696136398216408e-13
16.199999999999999 8.1072324946206518e-13
16.25 1.6505679356433539e-12
16.300000000000001 2.1189972419474066e-12
16.350000000000001 1.7707263564751171e-12
16.400000000000002 2.5582838617122358e-12
16.449999999999999 4.2951810752757824e-12
16.5 2.4786246290546552e-12
16.550000000000001 2.0240893795975512e-12
16.600000000000001 1.870995009227997e-12
16.650000000000002 1.9120740830295192e-12
16.699999999999999 1.7345568461396598e-12
16.75 2.6312617914869096e-13
16.800000000000001 1.4672218335524201e-13
16.850000000000001 3.5942607619599897e-12
16.900000000000002 4.2209258160963434e-11
16.949999999999999 5.2103719624199642e-11
17 3.2018046927593249e-11
17.050000000000001 1.9921618962764915e-11
17.100000000000001 1.7984538008510279e-12
17.150000000000002 1.5714821738463932e-11
17.199999999999999 8.4239165183886731e-10
17.25 3.1592160773033549e-09
17.300000000000001 3.0171529466734611e-09
17.350000000000001 2.2572171092394107e-09
17.400000000000002 4.9677835250174571e-09
17.449999999999999 3.4427431492459945e-09
17.5 1.9144133389493051e-09
17.550000000000001 2.7578674096643987e-09
17.600000000000001 1.9489965632792824e-09
17.650000000000002 6.8474705180489076e-10
17.699999999999999 2.2275651960106105e-10
17.75 7.5525463533732262e-11
17.800000000000001 1.1541226914819975e-10
17.850000000000001 1.356986730327245e-11
17.900000000000002 5.1234105115979218e-11
17.949999999999999 3.1231225510677679e-11
18 1.9642801243563987e-09
18.050000000000001 8.5299734191096474e-10
18.100000000000001 5.0788316155004933e-10
18.150000000000002 1.3007962812843808e-09
18.199999999999999 7.3002509576331801e-10
18.25 4.8293127695895766e-10
18.300000000000001 6.4545854823737863e-10
18.350000000000001 8.4645210180448505e-10
18.400000000000002 2.5175616185932523e-09
18.449999999999999 7.6844560605778423e-10
18.5 5.1566008438230317e-09
18.550000000000001 5.8841707650881183e-09
18.600000000000001 6.1479382894276342e-09
18.650000000000002 1.6273898621973214e-08
18.699999999999999 2.0327597128897188e-08
18.75 1.6093412736166419e-08
18.800000000000001 1.2519467434943647e-09
18.850000000000001 4.05468341146368e-09
18.900000000000002 2.5274234643321909e-10
18.949999999999999 2.7771054428687329e-10
19 2.1495028515404689e-08
19.050000000000001 2.7858603333410698e-08
19.100000000000001 6.4012142285859721e-10
19.150000000000002 5.0879565426070337e-08
19.200000000000003 5.5946678841744637e-08
19.25 1.2917695652663381e-08
19.300000000000001 2.6399281897577732e-07
19.350000000000001 3.5496860925909805e-08
19.400000000000002 2.0219117469007497e-05
19.450000000000003 8.1017456804421031e-05
19.5 0.00018372997106728156
19.550000000000001 0.0001398608501007513
19.600000000000001 0.00028703779467910488
19.650000000000002 0.00043786521666060803
19.700000000000003 0.00054595077487999786
19.75 0.00059218325269482668
19.800000000000001 0.00057713202085318209
19.850000000000001 0.00051509117290624853
19.900000000000002 0.00042625716837209218
19.950000000000003 0.00032997939318869655
20 0.00024073266982173159
20.050000000000001 0.00016676372453164632
20.100000000000001 0.000110755241454862
20.150000000000002 7.1497138641552879e-05
20.200000000000003 4.5775467146822406e-05
20.25 2.9894768530724461e-05
20.300000000000001 2.0609704024584936e-05
20.350000000000001 1.5491745829953872e-05
20.400000000000002 1.292524448914139e-05
20.450000000000003 1.1906495946795559e-05
20.5 1.1809814397712835e-05
20.550000000000001 1.2128768814863743e-05
20.600000000000001 4.6278630294521062e-06
20.650000000000002 1.0342738067430229e-06
20.700000000000003 3.6171276967564282e-08
20.75 3.4737705202870407e-07
20.800000000000001 1.234435496230401e-06
20.850000000000001 1.9194526917861936e-06
20.900000000000002 2.1690870612526052e-06
20.950000000000003 1.9895068815228375e-06
21 1.6892269707700093e-06
21.050000000000001 1.4048294107419878e-06
21.100000000000001 6.015010219480793e-07
21.150000000000002 1.0703463182793197e-06
21.200000000000003 2.0191534748826342e-06
21.25 8.6558344897489095e-06
21.300000000000001 1.6851847586302402e-05
21.350000000000001 2.3757234703545037e-05
21.400000000000002 2.7655728890091589e-05
21.450000000000003 2.8112496222125173e-05
21.5 2.5684416623977068e-05
21.550000000000001 2.1442525721327324e-05
21.600000000000001 1.6524992202693487e-05
21.650000000000002 1.1837157182574684e-05
21.700000000000003 7.924715994781619e-06
21.75 4.9894931776834653e-06
21.800000000000001 2.9833821007223531e-06
21.850000000000001 1.7238446794619253e-06
21.900000000000002 9.9275199382046202e-07
21.950000000000003 5.9852219763080451e-07
22 4.0215526884693393e-07
22.050000000000001 3.1705858245152372e-07
22.100000000000001 2.9551222633363633e-07
22.150000000000002 3.0610866520217449e-07
22.200000000000003 8.67045807568747e-08
22.25 7.488424938135619e-09
22.300000000000001 1.3100998143578299e-08
22.350000000000001 5.1506391115100303e-08
22.400000000000002 8.6878515170850087e-08
22.450000000000003 7.9778867374974719e-08
22.5 6.080100513342346e-08
22.550000000000001 4.768213791939624e-08
22.600000000000001 4.0915111833288949e-08
22.650000000000002 2.6152902623884061e-08
22.700000000000003 1.7569024496270795e-08
22.75 8.9680813718243597e-09
22.800000000000001 9.3572765291140029e-08
22.850000000000001 4.1588103373545481e-07
22.900000000000002 8.1368174995963889e-07
22.950000000000003 1.1455450403450852e-06
23 1.3286138042687199e-06
23.050000000000001 1.1136044039719413e-06
23.100000000000001 7.2567810026095355e-07
23.150000000000002 3.7305527654555232e-07
23.200000000000003 1.679311191953753e-07
23.25 3.7442154217473269e-08
23.300000000000001 4.4052433527116073e-08
23.350000000000001 3.4323737493139739e-08
23.400000000000002 3.1404529359086027e-08
23.450000000000003 3.3040846340342512e-08
23.5 3.1039978815031902e-08
23.550000000000001 3.758786186426041e-08
23.600000000000001 1.4632891286669901e-08
23.650000000000002 3.968671843187101e-08
23.700000000000003 5.0972766274970804e-08
23.75 3.9918625659932949e-08
23.800000000000001 6.5150484676734478e-08
23.850000000000001 8.9120503835245006e-08
23.900000000000002 1.0701311508585056e-07
23.950000000000003 1.1600852926717923e-07
24 1.1563254135516194e-07
24.050000000000001 1.0729397051914164e-07
24.100000000000001 9.3558688351037033e-08
24.150000000000002 7.7267154058691881e-08
24.200000000000003 6.0881341952724892e-08
24.25 4.6111032432091278e-08
24.300000000000001 3.3865629740367522e-08
24.350000000000001 2.4380286385090337e-08
24.400000000000002 1.7431128061654016e-08
24.450000000000003 8.1645119447648051e-09
24.5 5.5576757985246449e-09
24.550000000000001 6.3322015233055631e-10
24.600000000000001 1.0657832526749936e-10
24.650000000000002 1.4872579817876568e-09
24.700000000000003 3.1315609715603107e-09
24.75 3.9821469370566204e-09
24.800000000000001 2.2202720847050327e-09
24.850000000000001 2.207653759260791e-09
24.900000000000002 2.8684384511225453e-09
24.950000000000003 3.4214416711360651e-09
25 1.6396508024220077e-12
25.050000000000001 2.2039919015048381e-11
25.100000000000001 2.1464762355210805e-09
25.150000000000002 7.8512511789118683e-09
25.200000000000003 5.1941373928529163e-09
25.25 9.9000473182505089e-09
25.300000000000001 1.391596871063121e-08
25.350000000000001 1.2499649545764601e-08
25.400000000000002 1.3421126727754297e-08
25.450000000000003 7.1171604886663451e-09
25.5 6.8924181864224406e-09
25.550000000000001 6.3577053746444849e-09
25.600000000000001 5.6197519587331169e-09
25.650000000000002 4.7868119771116913e-09
25.700000000000003 3.9514205307047484e-09
25.75 3.1814378856921435e-09
25.800000000000001 2.5156193376231366e-09
25.850000000000001 1.9683664170527845e-09
25.900000000000002 1.5365312642707047e-09
25.950000000000003 1.206577307353239e-09
26 9.5991291060197447e-10
26.050000000000001 7.7924959017460543e-10
26.100000000000001 6.4825953620868747e-10
26.150000000000002 4.6753909745855286e-10
26.200000000000003 7.6107822300857601e-11
26.25 2.9966290716768297e-11
26.300000000000001 6.2042450703914169e-13
26.350000000000001 1.2325765346665941e-11
26.400000000000002 2.5447350045191502e-11
26.450000000000003 1.1898340622467859e-10
26.5 1.8667656043292963e-10
26.550000000000001 3.9186533539618411e-10
26.600000000000001 5.1523122556899644e-11
26.650000000000002 2.9014480676074509e-11
26.700000000000003 2.176588989650024e-13
26.75 1.2487619241135742e-10
26.800000000000001 9.111740365438691e-11
26.850000000000001 1.0872227948836108e-10
26.900000000000002 3.451227768401966e-10
26.950000000000003 6.0317888141367416e-10
27 7.929874413262546e-10
27.050000000000001 8.806340356712345e-10
27.100000000000001 6.9896575004729437e-10
27.150000000000002 6.2974583649833312e-10
27.200000000000003 3.0384892230687292e-10
27.25 2.4467544704272744e-10
27.300000000000001 1.9277809987334903e-10
27.350000000000001 1.4996302353913604e-10
27.400000000000002 1.1625598053549641e-10
27.450000000000003 9.0642242117106943e-11
27.5 7.1733895471868567e-11
27.550000000000001 5.8032524247160205e-11
27.600000000000001 4.8194601285382511e-11
27.650000000000002 4.1072180996874626e-11
27.700000000000003 3.5854504075801823e-11
27.75 3.1990278987926656e-11
27.800000000000001 1.7533448843315704e-11
27.850000000000001 1.8032086273718217e-11
27.900000000000002 9.552408076714521e-12
27.950000000000003 1.050629658654437e-11
28 5.4441516009558541e-12
28.050000000000001 7.2921856192253687e-12
28.100000000000001 4.0939610218595929e-12
28.150000000000002 6.3321084147011656e-12
28.200000000000003 3.8017729729884171e-12
28.25 6.1266915630273859e-12
28.300000000000001 4.0793299498272619e-12
28.350000000000001 2.3512578888741976e-12
28.400000000000002 3.6631823934227399e-12
28.450000000000003 1.7232251881759544e-12
28.5 3.599855551152714e-12
28.550000000000001 2.1781471337741543e-12
28.600000000000001 4.0993993315188914e-12
28.650000000000002 2.2434241223918819e-12
28.700000000000003 3.7913702129622925e-12
28.75 2.0307955308439212e-12
28.800000000000001 3.4989271237555955e-12
28.850000000000001 1.875343960476922e-12
28.900000000000002 3.2382100570699933e-12
28.950000000000003 1.5625476155137284e-12
29 2.5258336407477656e-12
29.050000000000001 3.3846451440028115e-12
29.100000000000001 3.8772422392074917e-12
29.150000000000002 4.0687874591516474e-12
29.200000000000003 3.9291161719392596e-12
29.25 3.5465465958121055e-12
29.300000000000001 1.8368624492038574e-12
29.350000000000001 1.7908730375194308e-12
29.400000000000002 5.1873418262917114e-13
29.450000000000003 5.6355006790357623e-13
29.5 6.0568828089654754e-13
29.550000000000001 6.3889557743503444e-13
29.600000000000001 1.3112089612800069e-13
29.650000000000002 2.3729716455582896e-13
29.700000000000003 3.5309691637465289e-13
29.75 4.5393496897660357e-13
29.800000000000001 5.0757590220737185e-14
29.850000000000001 1.245968188867951e-13
29.900000000000002 2.2072388298349875e-13
29.950000000000003 2.936660853222709e-13
30 3.7036385519436234e-13
30.050000000000001 4.0929125163216082e-13
30.100000000000001 4.2199395969717298e-13
30.150000000000002 4.4000071453353276e-13
30.200000000000003 3.9793620746584453e-13
30.25 3.3770006243914447e-13
30.300000000000001 2.7258961695727124e-13
30.350000000000001 2.2030853419918493e-13
30.400000000000002 1.7080597324363644e-13
30.450000000000003 1.288192246834659e-13
30.5 9.7360524386159942e-14
30.550000000000001 7.2886329265898408e-14
30.600000000000001 5.4788937116917941e-14
30.650000000000002 4.1493876159613545e-14
30.700000000000003 3.3142180948973185e-14
30.75 2.6481546802874777e-14
30.800000000000001 2.2285401486906231e-14
30.850000000000001 1.9005739451505722e-14
30.900000000000002 1.6712730399109963e-14
30.950000000000003 1.5095453206452328e-14
31 1.4181374149617336e-14
31.050000000000001 1.3070906101818027e-14
31.100000000000001 1.2214963354684815e-14
31.150000000000002 1.1286715491764522e-14
31.200000000000003 1.0332521963309785e-14
31.25 9.3545825547936089e-15
31.300000000000001 8.3930252292793431e-15
31.350000000000001 7.4418423798555618e-15
31.400000000000002 6.5322150162443851e-15
31.450000000000003 5.6839169284823161e-15
31.5 4.905541707754573e-15
31.550000000000001 4.2093617445284149e-15
31.600000000000001 3.5924041790161151e-15
31.650000000000002 3.0572246221107389e-15
31.700000000000003 2.5979629276688553e-15
31.75 2.2065174796395993e-15
31.800000000000001 1.8777096438607637e-15
31.850000000000001 1.6012383403062254e-15
31.900000000000002 1.3696137690311971e-15
31.950000000000003 1.1770980666421817e-15
32 1.0135130508029062e-15
32.050000000000004 8.7516087825262315e-16
32.100000000000001 7.5781700722157667e-16
32.149999999999999 6.5811151093515021e-16
32.200000000000003 5.7279959923757573e-16
32.25 4.9935757706992175e-16
32.300000000000004 4.3571506235026997e-16
32.350000000000001 3.8062254084885486e-16
32.399999999999999 3.3233484640868197e-16
32.450000000000003 2.8995862371300186e-16
32.5 2.5272607844855878e-16
32.550000000000004 2.2001127744401143e-16
32.600000000000001 1.9128988261051596e-16
32.649999999999999 1.6611209471954688e-16
32.700000000000003 1.4405973978325212e-16
32.75 1.2481039405187257e-16
32.800000000000004 1.0802637439602624e-16
32.850000000000001 9.34797097939178e-17
32.899999999999999 8.0864804464531763e-17
32.950000000000003 6.9916442612799699e-17
33 6.0474376343359963e-17
33.050000000000004 5.2306189609029715e-17
33.100000000000001 4.5255345718898799e-17
33.149999999999999 3.9177835775525653e-17
33.200000000000003 3.3923114907822661e-17
33.25 2.9389322743962008e-17
33.300000000000004 2.5465160399836279e-17
33.350000000000001 2.2071952320303899e-17
33.399999999999999 1.9136112139065113e-17
33.450000000000003 1.6597623743044047e-17
33.5 1.4397212009292017e-17
33.550000000000004 1.2487881371728136e-17
33.600000000000001 1.0832445089029906e-17
33.649999999999999 9.3961429318012547e-18
33.700000000000003 8.1505565511031976e-18
33.75 7.0687276998163407e-18
33.800000000000004 6.1299136252931756e-18
33.850000000000001 5.3150575840843236e-18
33.899999999999999 4.6083295013991548e-18
33.950000000000003 3.9951735198139611e-18
34 3.4629486595847065e-18
34.050000000000004 3.0015007461559715e-18
34.100000000000001 2.6016432104306378e-18
34.149999999999999 2.2548025640247269e-18
34.200000000000003 1.9542239104644327e-18
34.25 1.693700870758901e-18
34.300000000000004 1.4679110206180435e-18
34.350000000000001 1.2722259244544485e-18
34.399999999999999 1.1026476347823597e-18
34.450000000000003 9.5570884673109045e-19
34.5 8.2838434616213177e-19
34.550000000000004 7.1804674260732123e-19
34.600000000000001 6.2242839806176816e-19
34.649999999999999 5.3955934159535159e-19
34.700000000000003 4.6773414888246416e-19
34.75 4.0547662607153266e-19
34.800000000000004 3.5150458026988827e-19
34.850000000000001 3.0472401686438576e-19
34.899999999999999 2.6417073101042525e-19
34.950000000000003 2.2900924926460734e-19
35 1.9853061657154202e-19
35.050000000000004 1.7210454966283011e-19
35.100000000000001 1.4919801277737283e-19
35.149999999999999 1.2933757058023486e-19
35.200000000000003 1.1211937524346753e-19
35.25 9.7192383751811062e-20
35.300000000000004 8.4251511238875311e-20
35.350000000000001 7.3032668138545038e-20
35.399999999999999 6.3307189834207581e-20
35.450000000000003 5.4877302933135589e-20
35.5 4.756965301735266e-20
35.550000000000004 4.1235172454211456e-20
35.600000000000001 3.5743867095505577e-20
35.649999999999999 3.0984119603244156e-20
35.700000000000003 2.6858497360759979e-20
35.75 2.3282098400996334e-20
35.800000000000004 2.0182315855401721e-20
35.850000000000001 1.7495084387293163e-20
35.899999999999999 1.5165740224186724e-20
35.950000000000003 1.3146502810076597e-20
36 1.1396224021031308e-20
36.050000000000004 9.8789948885292414e-21
36.100000000000001 8.5636503861089375e-21
36.149999999999999 7.4233970073468712e-21
36.200000000000003 6.4351142567415823e-21
36.25 5.578397459696346e-21
36.300000000000004 4.8356401101313468e-21
36.350000000000001 4.1918286072984185e-21
36.399999999999999 3.6337080274851636e-21
36.450000000000003 3.1498918135461027e-21
36.5 2.7305391595858621e-21
36.550000000000004 2.3669697135436934e-21
36.600000000000001 2.0517764813328116e-21
36.649999999999999 1.7786411742240053e-21
36.700000000000003 1.5418288302343031e-21
36.75 1.336581603630098e-21
36.800000000000004 1.1586091639378189e-21
36.850000000000001 1.0043432002213248e-21
36.899999999999999 8.7062962136175366e-22
36.950000000000003 7.5468846220201452e-22
37 6.5420513976516422e-22
37.050000000000004 5.6710213521476166e-22
37.100000000000001 4.916072362396262e-22
37.149999999999999 4.2615721555958836e-22
37.200000000000003 3.693771785469911e-22
37.25 3.2019630016553845e-22
37.300000000000004 2.7757442944637306e-22
37.350000000000001 2.4059910675764389e-22
37.399999999999999 2.0856300036311498e-22
37.450000000000003 1.8080222582976629e-22
37.5 1.5673260286385865e-22
37.550000000000004 1.3585623717189637e-22
37.600000000000001 1.1777630213626934e-22
37.649999999999999 1.0208796656776217e-22
37.700000000000003 8.8486718718476412e-23
37.75 7.6713140102008338e-23
37.800000000000004 6.6494764472581849e-23
37.850000000000001 5.7634076836747708e-23
37.899999999999999 4.9973366544612319e-23
37.950000000000003 4.3320454457889361e-23
38 3.7549404060656183e-23
38.050000000000004 3.2548028682568137e-23
38.100000000000001 2.8216672708760009e-23
38.149999999999999 2.4454639227971696e-23
38.200000000000003 2.1203880699353415e-23
38.25 1.8378201447235286e-23
38.300000000000004 1.5934491800868793e-23
38.350000000000001 1.3814028954469282e-23
38.400000000000006 1.1970601830639359e-23
38.450000000000003 1.0380186853801877e-23
38.5 8.9970281193017529e-24
38.550000000000004 7.8001813701053699e-24
38.600000000000001 6.7603802610594808e-24
38.650000000000006 5.8616408925024973e-24
38.700000000000003 5.0834591917859149e-24
38.75 4.4053796012069003e-24
38.800000000000004 3.8223344783103135e-24
38.850000000000001 3.312586366422337e-24
38.900000000000006 2.8711398038606588e-24
38.950000000000003 2.488913029453922e-24
39 2.1578979217227754e-24
39.050000000000004 1.8710535026576689e-24
39.100000000000001 1.6222073301057007e-24
39.150000000000006 1.4044758038079123e-24
39.200000000000003 1.2176262097972635e-24
39.25 1.0556916041866624e-24
39.300000000000004 9.1369190808144898e-25
39.350000000000001 7.942098520853167e-25
39.400000000000006 6.8829738695034365e-25
39.450000000000003 5.967339072508882e-25
39.5 5.1620540832411687e-25
39.550000000000004 4.4737295560860488e-25
39.600000000000001 3.881448844141587e-25
39.650000000000006 3.3675532960444111e-25
39.700000000000003 2.9172083824718399e-25
39.75 2.524355651671776e-25
39.800000000000004 2.1833153051266282e-25
39.850000000000001 1.8997198096996744e-25
39.900000000000006 1.646022142580597e-25
39.950000000000003 1.4246874940982116e-25
