0 125004.93480220054
0.050000000000000003 124687.90448540512
0.10000000000000001 123816.59772465237
0.15000000000000002 122510.32612222691
0.20000000000000001 120872.36359405365
0.25 119027.81989639254
0.30000000000000004 117132.75505500571
0.35000000000000003 115361.3969124151
0.40000000000000002 113881.35448629453
0.45000000000000001 112825.24724161418
0.5 112269.35525930377
0.55000000000000004 112199.62343563596
0.60000000000000009 112390.39667425005
0.65000000000000002 112465.59317043035
0.70000000000000007 112037.5863901698
0.75 110809.70767975227
0.80000000000000004 108624.12765082065
0.85000000000000009 105461.44098221409
0.90000000000000002 101409.97382396317
0.95000000000000007 96624.038661282655
1 91285.325590248554
1.05 85574.148091447787
1.1000000000000001 79651.848978281821
1.1500000000000001 73652.975543625871
1.2000000000000002 67683.715429989461
1.25 61824.525600029832
1.3 56134.224851391766
1.3500000000000001 50654.595157356467
1.4000000000000001 45414.5122849369
1.4500000000000002 40433.531524455211
1.5 35724.611423963572
1.55 31296.236908216197
1.6000000000000001 27153.862687329158
1.6500000000000001 23300.986750502474
1.7000000000000002 19739.868147013116
1.75 16471.968736571798
1.8 13498.263518641432
1.8500000000000001 10819.427501656399
1.9000000000000001 8435.9467261665886
1.9500000000000002 6348.184715576549
2 4556.4201406222837
2.0500000000000003 3060.8715176616329
2.1000000000000001 1861.7097428196089
2.1499999999999999 959.06728895595279
2.2000000000000002 353.04376486309707
2.25 43.707588513818735
2.3000000000000003 24.429623671511926
2.3500000000000001 122.45621931768606
2.4000000000000004 195.0738916242201
2.4500000000000002 198.08307476083687
2.5 132.68916500729634
2.5500000000000003 57.447093762073528
2.6000000000000001 28.477772633337647
2.6500000000000004 22.371599015368712
2.7000000000000002 25.199363708064364
2.75 31.67502529997525
2.8000000000000003 39.055706127257558
2.8500000000000001 45.992322628170051
2.9000000000000004 51.88238142753967
2.9500000000000002 50.526645218369211
3 20.009754521491203
3.0500000000000003 1.5307516971662092
3.1000000000000001 6.3588953426308663
3.1500000000000004 14.989429225661894
3.2000000000000002 10.537746644900251
3.25 0.35540627703955263
3.3000000000000003 7.3154970611070222
3.3500000000000001 7.3801888355032421
3.4000000000000004 4.9265614656099617
3.4500000000000002 10.331677130735947
3.5 6.0381843506141397
3.5500000000000003 1.4912601962411918
3.6000000000000001 0.79708718476889273
3.6500000000000004 2.1787850901106633
3.7000000000000002 2.2828966574401726
3.75 0.36842026338675521
3.8000000000000003 5.6525749911572376
3.8500000000000001 5.0452501169832296
3.9000000000000004 0.59905633401010339
3.9500000000000002 5.1924025474730708
4 5.0378622693020034
4.0499999999999998 0.089683899979722703
4.1000000000000005 0.74293483520509862
4.1500000000000004 0.033347800790763341
4.2000000000000002 5.2163334841933056
4.25 0.099241477048645804
4.2999999999999998 0.021498123241128778
4.3500000000000005 5.1804408158170174
4.4000000000000004 0.038199445149419961
4.4500000000000002 0.3124212100940571
4.5 4.8093143938678349
4.5499999999999998 4.8336650685493412
4.6000000000000005 0.16234456749977963
4.6500000000000004 5.0198724455503845
4.7000000000000002 3.2814055472009231
4.75 0.1980506339459038
4.8000000000000007 4.7389989344372312
4.8500000000000005 4.856509893827532
4.9000000000000004 0.095462533256116047
4.9500000000000002 4.9633821189300793
5 0.075391070821343331
5.0500000000000007 0.083528282026220924
5.1000000000000005 4.8481736553001413
5.1500000000000004 0.44331886419222832
5.2000000000000002 0.030076069254005616
5.25 4.9375718483231417
5.3000000000000007 0.0098032891873508585
5.3500000000000005 0.011179714153926535
5.4000000000000004 4.9037935963920809
5.4500000000000002 0.0095590144283167599
5.5 0.0028319692343992844
5.5500000000000007 4.8593584010097084
5.6000000000000005 0.018604502766449618
5.6500000000000004 4.449287167107685
5.7000000000000002 4.8690386717677461
5.75 0.011659340393617093
5.8000000000000007 4.9082849786127722
5.8500000000000005 0.019300386781298359
5.9000000000000004 0.0064299792965077018
5.9500000000000002 4.8747458312692862
6 0.0011839495991774348
6.0500000000000007 0.0011994156411914726
6.1000000000000005 4.8902431129931054
6.1500000000000004 0.0027087034606993474
6.2000000000000002 0.010640505432577666
6.25 4.8839930581233428
6.3000000000000007 0.0024495253499792835
6.3500000000000005 4.8856396147859469
6.4000000000000004 4.4765131921086079
6.4500000000000002 0.0018427535298655884
6.5 4.8606678700124251
6.5500000000000007 0.0029440004442487615
6.6000000000000005 0.00051928260539912128
6.6500000000000004 4.8978557082992209
6.7000000000000002 0.00065243030932480867
6.75 0.0020465223310316282
6.8000000000000007 4.8878393701284821
6.8500000000000005 0.00050527249092549771
6.9000000000000004 4.8570394587679981
6.9500000000000002 4.7249267846973915
7 0.00042871625529674343
7.0500000000000007 4.851231832987061
7.1000000000000005 0.028897150780982848
7.1500000000000004 0.00016497965948004221
7.2000000000000002 4.9006338449093665
7.25 0.00045067988622494667
7.3000000000000007 0.0010210058451584664
7.3500000000000005 4.8896091318941624
7.4000000000000004 0.00014473241518896877
7.4500000000000002 4.8179935555804789
7.5 4.7846673194442326
7.5500000000000007 9.213826876872401e-05
7.6000000000000005 4.8444477577981866
7.6500000000000004 3.1935670649525019
7.7000000000000002 5.4487476397873728e-05
7.75 4.9014418140836575
7.8000000000000007 0.00050252024631135619
7.8500000000000005 0.00068593480171431811
7.9000000000000004 4.8906079822736235
7.9500000000000002 8.7194142157358034e-05
8 4.7673488774320338
8.0500000000000007 4.810385045191345
8.0999999999999996 1.9440808398854303e-05
8.1500000000000004 4.8401492891494504
8.2000000000000011 4.2906831765230535
8.25 2.4756822554345866e-05
8.3000000000000007 4.901383019356313
8.3499999999999996 0.00057353362808672508
8.4000000000000004 0.00054045929723980262
8.4500000000000011 4.8912155639710146
8.5 8.372286563947294e-05
8.5500000000000007 4.7088269591597163
8.5999999999999996 4.8234554433808565
8.6500000000000004 4.9338918122178872e-06
8.7000000000000011 4.8383139238365462
8.75 4.4522967939135052
8.8000000000000007 1.7180423592050736e-05
8.8499999999999996 4.9009924550731956
8.9000000000000004 0.00062229343909624623
8.9500000000000011 0.00047157781924187225
9 4.891584458101633
9.0500000000000007 8.7148769505397878e-05
9.0999999999999996 4.6554526463570989
9.1500000000000004 4.8301886728642609
9.2000000000000011 2.4103303882867327e-06
9.25 4.8387261816241969
9.3000000000000007 4.487215459189577
9.3499999999999996 1.5729570005445494e-05
9.4000000000000004 4.9005317991818726
9.4500000000000011 0.00064084602764290688
9.5 0.00044243671943469226
9.5500000000000007 4.8917717555115896
9.6000000000000014 8.876461791214622e-05
9.6500000000000004 4.6252752763807035
9.7000000000000011 4.8331774901693523
9.75 1.9850962561622164e-06
9.8000000000000007 4.8409491585762137
9.8500000000000014 4.4650364247937118
9.9000000000000004 1.6439616672713416e-05
9.9500000000000011 4.9001072252891102
10 0.0006319296559800339
10.050000000000001 0.00043818292353813145
10.100000000000001 4.8917968741490503
10.15 8.7412356850427377e-05
10.200000000000001 4.626194295938383
10.25 4.8336295547301074
10.300000000000001 1.6784661129968436e-06
10.350000000000001 4.8444980251932241
10.4 4.3852610149529108
10.450000000000001 1.8400251105524184e-05
10.5 4.8997503413190975
10.550000000000001 0.00060056396307082906
10.600000000000001 0.00045489961640769619
10.65 4.8916213082997642
10.700000000000001 8.3454599552740738e-05
10.75 4.6515211236989611
10.800000000000001 4.8319959073686345
10.850000000000001 1.1958467655251291e-06
10.9 4.8488556797730142
10.950000000000001 4.1956031219639289
11 2.1442859477493017e-05
11.050000000000001 4.8994718300923177
11.100000000000001 0.00055514090295125736
11.15 0.00049115145552604516
11.200000000000001 4.8912452460749654
11.25 7.7531710343527652e-05
11.300000000000001 4.6866449305673656
11.350000000000001 4.8284890754930627
11.4 6.470073436133812e-07
11.450000000000001 4.8535992758232469
11.5 3.6502703489658832
11.550000000000001 2.5622169612618604e-05
11.600000000000001 4.8992369889928291
11.65 0.00050249585990418013
11.700000000000001 0.00054963360099973566
11.75 4.8906319089560286
11.800000000000001 7.0364020562181643e-05
11.850000000000001 4.7214757005041994
11.9 4.8231221861313447
11.950000000000001 1.9334340643244685e-07
12 4.8584498400520051
12.050000000000001 1.1444422722596013
12.100000000000001 3.109769105394492e-05
12.15 4.8990113299915894
12.200000000000001 0.0004477861258115465
12.25 0.00063687375767559526
12.300000000000001 4.8897508255629232
12.350000000000001 6.2507470469242872e-05
12.4 4.7519179563403666
12.450000000000001 4.8156798340094618
12.5 2.5613433911313538e-10
12.550000000000001 4.8631983596523121
12.600000000000001 0.073498508739771748
12.65 3.8097743357670257e-05
12.700000000000001 4.8987596164759051
12.75 0.00039440015483935628
12.800000000000001 0.00076538153642935686
12.850000000000001 4.8885668892538803
12.9 5.4398192398786773e-05
12.950000000000001 4.7771329891549987
13 4.8057714863962211
13.050000000000001 2.1333882456363859e-07
13.100000000000001 4.8677346083976003
13.15 0.018849907795328014
13.200000000000001 4.6954817450932267e-05
13.25 4.8984440812143202
13.300000000000001 0.00034420858264374215
13.350000000000001 0.00095879815757730447
13.4 4.8870325601457312
13.450000000000001 4.632141217982647e-05
13.5 4.7977411372890124
13.550000000000001 4.7926642073724164
13.600000000000001 9.7019479564782934e-07
13.65 4.8719551454301167
13.700000000000001 0.0080542749961351346
13.75 5.8095947003177962e-05
13.800000000000001 4.8980381466640308
13.850000000000001 0.00029849023893201675
13.9 0.0012617157367770767
13.950000000000001 4.8851210901000997
14 3.8560237598019151e-05
14.050000000000001 4.8144681476045319
14.100000000000001 4.7752496089137484
14.15 2.3763382712731004e-06
14.200000000000001 4.8759287154412334
14.25 0.0043208092398974544
14.300000000000001 7.2511743069836657e-05
14.350000000000001 4.8974961877018286
14.4 0.00025642297717271326
14.450000000000001 0.0017856012291692545
14.5 4.8826967223892987
14.550000000000001 3.1188949163011419e-05
14.600000000000001 4.8283871843100679
14.65 4.7510509046252754
14.700000000000001 4.607875966865526e-06
14.75 4.8794550603106321
14.800000000000001 0.0026601789772521451
14.850000000000001 9.0547724472844616e-05
14.9 4.8968310445168548
14.950000000000001 0.0002192091198323531
