0 125001.23370055013
0.050000000000000003 124997.08107047116
0.10000000000000001 124941.01651948305
0.15000000000000002 124719.90545655548
0.20000000000000001 124169.93466749421
0.25 123102.75312374493
0.30000000000000004 121346.32454852099
0.35000000000000003 118783.71067132178
0.40000000000000002 115373.97291125027
0.45000000000000001 111151.77792082686
0.5 106211.61525418126
0.55000000000000004 100685.42101167509
0.60000000000000009 94721.210983861281
0.65000000000000002 88466.390730547442
0.70000000000000007 82056.343648850205
0.75 75608.643762046879
0.80000000000000004 69220.633852090934
0.85000000000000009 62969.638703668228
0.90000000000000002 56915.098139209629
0.95000000000000007 51100.932223653974
1 45558.447343537518
1.05 40311.144767939302
1.1000000000000001 35415.503341159449
1.1500000000000001 30937.292147070722
1.2000000000000002 26903.52177189885
1.25 23312.335999619718
1.3 20143.390249570795
1.3500000000000001 17365.717662483155
1.4000000000000001 14943.451215222545
1.4500000000000002 12839.539594002303
1.5 11017.944898391637
1.55 9444.899222304628
1.6000000000000001 8089.4207712104399
1.6500000000000001 6923.5276486361381
1.7000000000000002 5922.2101621544434
1.75 5063.3109828142378
1.8 4327.3086261496901
1.8500000000000001 3697.1320214458351
1.9000000000000001 3157.9184578439858
1.9500000000000002 2696.7829888854299
2 2302.5794254362945
2.0500000000000003 1965.718834507963
2.1000000000000001 1677.9390561747023
2.1499999999999999 1432.1494058517762
2.2000000000000002 1222.2662671100263
2.25 1043.0737102713992
2.3000000000000003 890.104309226346
2.3500000000000001 759.53488904375251
2.4000000000000004 648.09530980315526
2.4500000000000002 552.98976038165006
2.5 471.82897527711879
2.5500000000000003 402.57156981411634
2.6000000000000001 343.47410963294715
2.6500000000000004 293.04814298383565
2.7000000000000002 250.02235152024701
2.75 213.3117471536346
2.8000000000000003 181.99006318333878
2.8500000000000001 155.26659991795768
2.9000000000000004 132.46660588035391
2.9500000000000002 113.01418185340113
3 96.417995874075231
3.0500000000000003 82.258692948642789
3.1000000000000001 70.178543490430158
3.1500000000000004 59.872356721704229
3.2000000000000002 51.079543335042935
3.25 43.577920119845359
3.3000000000000003 37.1779672157801
3.3500000000000001 31.717936842109577
3.4000000000000004 27.05980620893919
3.4500000000000002 23.085790007429793
3.5 19.695450846763428
3.5500000000000003 16.803019424709664
3.6000000000000001 14.335359480431176
3.6500000000000004 12.230067620925579
3.7000000000000002 10.433908016525303
3.75 8.9015662351911136
3.8000000000000003 7.5942894553446108
3.8500000000000001 6.4790181601903951
3.9000000000000004 5.5275493339976096
3.9500000000000002 4.7158228696180648
4 4.0233129122985369
4.0499999999999998 3.4325086756909036
4.1000000000000005 2.9284723428781669
4.1500000000000004 2.4984602612080056
4.2000000000000002 2.131595881235266
4.25 1.8186057444884911
4.2999999999999998 1.5515780681716183
4.3500000000000005 1.3237647532203634
4.4000000000000004 1.1294046418492616
4.4500000000000002 0.96358473418650392
4.5 0.82211365008386894
4.5499999999999998 0.70141562293190507
4.6000000000000005 0.59842866787284776
4.6500000000000004 0.51056427074451982
4.7000000000000002 0.43560274836290824
4.75 0.37164932702478548
4.8000000000000007 0.31708722754167057
4.8500000000000005 0.27053744314776196
4.9000000000000004 0.23082268527165908
4.9500000000000002 0.1969392352549226
5 0.16803078565716778
5.0500000000000007 0.14336687704637269
5.1000000000000005 0.12232411901205935
5.1500000000000004 0.10437075686966035
5.2000000000000002 0.08905313680162584
5.25 0.075984229919203922
5.3000000000000007 0.064833847365065964
5.3500000000000005 0.055320313378510629
5.4000000000000004 0.047203304431142269
5.4500000000000002 0.040277741469188506
5.5 0.034368720402145982
5.5500000000000007 0.02932703106822538
5.6000000000000005 0.025025318144276006
5.6500000000000004 0.021354914156608971
5.7000000000000002 0.0182231459065741
5.75 0.015550942449042782
5.8000000000000007 0.013270837660814779
5.8500000000000005 0.011325261157495624
5.9000000000000004 0.0096650612587629806
5.9500000000000002 0.0082483147402264388
6 0.0070392979495635926
6.0500000000000007 0.0060100969436367906
6.1000000000000005 0.0051293773811553912
6.1500000000000004 0.0043787439778897493
6.2000000000000002 0.0037370047267484066
6.25 0.0031905854069344901
6.3000000000000007 0.0027230607876660793
6.3500000000000005 0.0023246983393026615
6.4000000000000004 0.0019838208392957161
6.4500000000000002 0.0016936714835985734
6.5 0.0014454148079039368
6.5500000000000007 0.0012339593142208897
6.6000000000000005 0.0010531297806866545
6.6500000000000004 0.00089878825825905778
6.7000000000000002 0.00076734206873684051
6.75 0.0006553251682516947
6.8000000000000007 0.000559659937552896
6.8500000000000005 0.00047773753349439579
6.9000000000000004 0.00040800267780471381
6.9500000000000002 0.00034845499385599977
7 0.00029750374923700947
7.0500000000000007 0.00025408034093151973
7.1000000000000005 0.00021702261416435279
7.1500000000000004 0.00018531218781400689
7.2000000000000002 0.00015829558771818312
7.25 0.00013524911533705484
7.3000000000000007 0.00011553581855454843
7.3500000000000005 9.871555285308702e-05
7.4000000000000004 8.4375377178162459e-05
7.4500000000000002 7.2091745200529618e-05
7.5 6.1623463545874634e-05
7.5500000000000007 5.2660989692176344e-05
7.6000000000000005 4.5017510370653379e-05
7.6500000000000004 3.8472032769303588e-05
7.7000000000000002 3.2885754025992477e-05
7.75 2.8117932668115785e-05
7.8000000000000007 2.402904133868822e-05
7.8500000000000005 2.0542022664797604e-05
7.9000000000000004 1.7550437814094352e-05
7.9500000000000002 1.5001011245972668e-05
8 1.2820774237446742e-05
8.0500000000000007 1.0960469579589993e-05
8.0999999999999996 9.3666470923161825e-06
8.1500000000000004 8.0078330083500543e-06
8.2000000000000011 6.8522940612314661e-06
8.25 5.8558441960106113e-06
8.3000000000000007 5.0025691254807572e-06
8.3499999999999996 4.2745982199046305e-06
8.4000000000000004 3.65453198321349e-06
8.4500000000000011 3.130706388725758e-06
8.5 2.6770417479979512e-06
8.5500000000000007 2.2924082916695901e-06
8.5999999999999996 1.9654910880381931e-06
8.6500000000000004 1.6797322475391129e-06
8.7000000000000011 1.4383509759175463e-06
8.75 1.2343750969076336e-06
8.8000000000000007 1.0573191066368482e-06
8.8499999999999996 9.0520187452869123e-07
8.9000000000000004 7.7550022958300157e-07
8.9500000000000011 6.6527708948932629e-07
9 5.6898646885268151e-07
9.0500000000000007 4.8833796871235241e-07
9.0999999999999996 4.1800792743202065e-07
9.1500000000000004 3.5771684490582205e-07
9.2000000000000011 3.0600517701090031e-07
9.25 2.6163486562234217e-07
9.3000000000000007 2.2369490641402425e-07
9.3499999999999996 1.9166967107143526e-07
9.4000000000000004 1.6404510027724672e-07
9.4500000000000011 1.4024151032276504e-07
9.5 1.2003534449973904e-07
9.5500000000000007 1.0274385815252874e-07
9.6000000000000014 8.8180877134991883e-08
9.6500000000000004 7.5388402073664989e-08
9.7000000000000011 6.4457761687519796e-08
9.75 5.5110206569421361e-08
9.8000000000000007 4.7120073673316404e-08
9.8500000000000014 4.0296043241535405e-08
9.9000000000000004 3.4457830098393473e-08
9.9500000000000011 2.9467819610363612e-08
10 2.5202771662703256e-08
10.050000000000001 2.1558836856647925e-08
10.100000000000001 1.8457663517533485e-08
10.15 1.5774693107533045e-08
10.200000000000001 1.349193627207707e-08
10.25 1.1520495123491713e-08
10.300000000000001 9.8360950926052486e-09
10.350000000000001 8.398311958647703e-09
10.4 7.1764435535352475e-09
10.450000000000001 6.1343849041646244e-09
10.5 5.2475720352636518e-09
10.550000000000001 4.4831370820858374e-09
10.600000000000001 3.832746509587516e-09
10.65 3.2845408381749864e-09
10.700000000000001 2.8089974506729823e-09
10.75 2.4010723833428582e-09
10.800000000000001 2.0499743538412533e-09
10.850000000000001 1.7554484339817596e-09
10.9 1.501707399958855e-09
10.950000000000001 1.283760112744322e-09
11 1.0984308707781764e-09
11.050000000000001 9.3952504538468025e-10
11.100000000000001 8.0386860597075686e-10
11.15 6.8792860825656511e-10
11.200000000000001 5.8856169894386118e-10
11.25 5.0343332525406275e-10
11.300000000000001 4.3035729634854019e-10
11.350000000000001 3.6764588486962619e-10
11.4 3.1388566346046252e-10
11.450000000000001 2.6798299023772501e-10
11.5 2.287935746295963e-10
11.550000000000001 1.9582869361047684e-10
11.600000000000001 1.6769631131405566e-10
11.65 1.4353659751845021e-10
11.700000000000001 1.2270301301973824e-10
11.75 1.0507064534047224e-10
11.800000000000001 8.9922278691555363e-11
11.850000000000001 7.6928253799350592e-11
11.9 6.581177888310881e-11
11.950000000000001 5.6317510218126555e-11
12 4.8179431424489752e-11
12.050000000000001 4.1186246759457914e-11
12.100000000000001 3.5262225883333841e-11
12.15 3.0165267413177193e-11
12.200000000000001 2.5789309156764892e-11
12.25 2.2034341755282541e-11
12.300000000000001 1.8828429117606942e-11
12.350000000000001 1.6087209186699673e-11
12.4 1.3739571596279664e-11
12.450000000000001 1.1726133553729829e-11
12.5 1.002033577345694e-11
12.550000000000001 8.5615957639748701e-12
12.600000000000001 7.3154363350185919e-12
12.65 6.2592126183195729e-12
12.700000000000001 5.3468287051280159e-12
12.75 4.5755196286000932e-12
12.800000000000001 3.9045016302141676e-12
12.850000000000001 3.3346816048987678e-12
12.9 2.8477337492147263e-12
12.950000000000001 2.4321950578122346e-12
13 2.0770985086181703e-12
13.050000000000001 1.7747721878006369e-12
13.100000000000001 1.5169939444591164e-12
13.15 1.2968599209938907e-12
13.200000000000001 1.1095502009363793e-12
13.25 9.4807209889921851e-13
13.300000000000001 8.1052412438388446e-13
13.350000000000001 6.931128351801453e-13
13.4 5.9219903536367176e-13
13.450000000000001 5.0625233946319214e-13
13.5 4.3240540168529951e-13
13.550000000000001 3.7009509296206513e-13
13.600000000000001 3.1601117181406475e-13
13.65 2.7138518886988311e-13
13.700000000000001 2.3230519065136088e-13
13.75 1.9730722997153633e-13
13.800000000000001 1.6806288722399745e-13
13.850000000000001 1.4381118736167348e-13
13.9 1.232373695014193e-13
13.950000000000001 1.0582866620357201e-13
14 9.1171847755364994e-14
14.050000000000001 7.6732903797429278e-14
14.100000000000001 6.5534724325952335e-14
14.15 5.6756690468677604e-14
14.200000000000001 4.9850479936910854e-14
14.25 4.1589281224928824e-14
14.300000000000001 3.5670454919785134e-14
14.350000000000001 2.9764948717792562e-14
14.4 2.5547743583368065e-14
14.450000000000001 2.2352872191396955e-14
14.5 1.8556696586668122e-14
14.550000000000001 2.4443786183973465e-14
14.600000000000001 1.6905771931029719e-14
14.65 1.2421776739746144e-14
14.700000000000001 1.384001391595234e-14
14.75 1.3572733200523434e-14
14.800000000000001 8.6606081106077294e-15
14.850000000000001 3.0710480456170062e-14
14.9 4.7657446823947363e-14
14.950000000000001 5.1113642063699127e-14
15 4.5857552263429445e-14
15.050000000000001 5.0282382699964716e-15
15.100000000000001 3.1005359667388109e-14
15.15 2.1176498061436295e-14
15.200000000000001 1.4818745068981823e-13
15.25 4.3367246082858462e-15
15.300000000000001 2.5863301318293052e-14
15.350000000000001 2.1256537107696386e-15
15.4 3.7386250086714871e-14
15.450000000000001 2.166506848273019e-13
15.5 3.7453295589568822e-13
15.550000000000001 4.3507515427577032e-13
15.600000000000001 1.3230772880185722e-13
15.65 1.9882212242145187e-13
15.700000000000001 6.026251544410303e-15
15.75 1.4445795158462312e-14
15.800000000000001 3.1271133985431926e-15
15.850000000000001 1.6230515994225284e-13
15.9 7.6333440940766067e-13
15.950000000000001 7.4091198677650005e-13
16 4.6782763898560253e-12
16.050000000000001 2.5575586350015323e-12
16.100000000000001 2.0174525769351073e-13
16.150000000000002 9.3237606617087974e-14
16.199999999999999 8.7757785949967815e-13
16.25 9.1516608792448748e-14
16.300000000000001 2.9725968120931728e-12
16.350000000000001 1.3768873811641209e-11
16.400000000000002 5.8193117582351573e-12
16.449999999999999 8.921652024689508e-12
16.5 3.2468465284104823e-12
16.550000000000001 2.9665281402743493e-12
16.600000000000001 5.8490967485821477e-12
16.650000000000002 3.1608601082319452e-11
16.699999999999999 9.8638437290053199e-11
16.75 4.2323703229976445e-11
16.800000000000001 1.3500853504966914e-10
16.850000000000001 5.9464472208188646e-11
16.900000000000002 1.3897282969564061e-09
16.949999999999999 1.3525632730310199e-09
17 1.1117976834815085e-09
17.050000000000001 6.5343594800611031e-10
17.100000000000001 2.1078552384745854e-10
17.150000000000002 1.5023184283737825e-10
17.199999999999999 1.0250467934985243e-12
17.25 1.1775892979645642e-10
17.300000000000001 4.9310933206976986e-10
17.350000000000001 3.4122101709510819e-10
17.400000000000002 6.5124945221050456e-11
17.449999999999999 7.6314361843830948e-10
17.5 2.767290785848392e-09
17.550000000000001 1.6244130646127476e-09
17.600000000000001 1.9513740787805104e-09
17.650000000000002 1.9647636155525457e-09
17.699999999999999 1.6370206850706855e-09
17.75 4.5125580616649582e-10
17.800000000000001 2.3821116938997709e-10
17.850000000000001 4.408599732075261e-11
17.900000000000002 1.8175125360134575e-12
17.949999999999999 2.5966772197020233e-09
18 3.8616928466405331e-09
18.050000000000001 2.066559268979627e-09
18.100000000000001 1.1263212577488713e-09
18.150000000000002 5.6527446717888275e-10
18.199999999999999 1.8746928422228592e-10
18.25 4.846433024657957e-09
18.300000000000001 9.4414236996149109e-11
18.350000000000001 1.4899055920682238e-09
18.400000000000002 4.5363970476769742e-10
18.449999999999999 4.4010929244327752e-09
18.5 1.4476712772332277e-08
18.550000000000001 5.4914503843917973e-08
18.600000000000001 5.7299474372768792e-08
18.650000000000002 1.3621385382592364e-09
18.699999999999999 6.8141582173735267e-10
18.75 1.9608640330052044e-09
18.800000000000001 8.5504764850052559e-10
18.850000000000001 2.297817566151382e-07
18.900000000000002 5.7328107046805667e-07
18.949999999999999 1.4363139838432244e-07
19 7.5109798378846753e-06
19.050000000000001 6.7152702092173201e-05
19.100000000000001 0.00017507875391910128
19.150000000000002 0.00030133108289557306
19.200000000000003 0.00041582157110596713
19.25 0.00050579384315300676
19.300000000000001 0.0005754289764818805
19.350000000000001 0.0005938505006529291
19.400000000000002 0.00034910698331757126
19.450000000000003 0.0004151687457574045
19.5 0.0004536064750422042
19.550000000000001 0.00046071998740105307
19.600000000000001 0.00043909877278623172
19.650000000000002 0.00039574694969273145
19.700000000000003 0.00033962885424936549
19.75 0.00027933466948370931
19.800000000000001 0.00022166688537532479
19.850000000000001 0.0001709894009821505
19.900000000000002 0.00012931345345871035
19.950000000000003 9.6844049467661463e-05
20 7.2642882637822842e-05
20.050000000000001 5.524288644662373e-05
20.100000000000001 4.308084198099867e-05
20.150000000000002 3.475646007895092e-05
20.200000000000003 2.9136611749051495e-05
20.25 2.5357572029550848e-05
20.300000000000001 2.2781135441097005e-05
20.350000000000001 2.0942396768614515e-05
20.400000000000002 1.9404205448918023e-05
20.450000000000003 7.7022664551853205e-06
20.5 1.6580508914346585e-06
20.550000000000001 2.6154994733631259e-08
20.600000000000001 5.9371601355468968e-07
20.650000000000002 1.5788830553568589e-06
20.700000000000003 2.923886345635085e-06
20.75 3.2453671107335104e-06
20.800000000000001 3.1272001978196209e-06
20.850000000000001 2.7815475029130241e-06
20.900000000000002 1.7866931647758091e-06
20.950000000000003 7.4156065972739371e-07
21 2.3481785840702677e-07
21.050000000000001 2.5197015090617026e-06
21.100000000000001 1.1089056036839341e-05
21.150000000000002 2.1563874502864386e-05
21.200000000000003 3.0193654115865724e-05
21.25 3.4825406938279832e-05
21.300000000000001 3.5016407657634739e-05
21.350000000000001 3.1592096920443803e-05
21.400000000000002 2.5994219063535265e-05
21.450000000000003 1.9695648871906269e-05
21.5 1.3826351522899076e-05
21.550000000000001 9.0336946497822773e-06
21.600000000000001 5.5214008315097253e-06
21.650000000000002 3.184558290599311e-06
21.700000000000003 1.7634567553017001e-06
21.75 9.6983313075047492e-07
21.800000000000001 5.6141369910190872e-07
21.850000000000001 3.6980390809659906e-07
21.900000000000002 2.9540627944859095e-07
21.950000000000003 2.8700657752381497e-07
22 3.1954089616652465e-07
22.050000000000001 3.7769017546179145e-07
22.100000000000001 3.1313232266576181e-07
22.150000000000002 1.00783927431118e-07
22.200000000000003 1.6161958559101401e-08
22.25 4.3616556692435401e-10
22.300000000000001 1.3783193353409721e-08
22.350000000000001 3.9994497008484395e-08
22.400000000000002 4.2221234411042941e-08
22.450000000000003 5.1526780345786409e-08
22.5 6.3612708637515193e-08
22.550000000000001 2.8220445998703173e-08
22.600000000000001 2.4849758707254908e-08
22.650000000000002 2.2443611597765488e-08
22.700000000000003 3.0443134602760001e-08
22.75 4.6859480162932191e-08
22.800000000000001 3.0640462971996609e-07
22.850000000000001 6.6426340574806558e-07
22.900000000000002 9.8405085081116877e-07
22.950000000000003 1.1789260381707304e-06
23 1.0570576333626143e-06
23.050000000000001 6.4075063740627358e-07
23.100000000000001 2.861557789765365e-07
23.150000000000002 1.8409822093014638e-07
23.200000000000003 1.5828766303574211e-07
23.25 1.425095970526564e-07
23.300000000000001 1.3284285424071135e-07
23.350000000000001 1.2647378530386252e-07
23.400000000000002 1.2137462675467484e-07
23.450000000000003 1.1615445512676046e-07
23.5 1.0997347131800743e-07
23.550000000000001 1.0247616457446877e-07
23.600000000000001 9.3706200647477441e-08
23.650000000000002 8.3999406921851077e-08
23.700000000000003 7.3839569098827268e-08
23.75 6.3737006083877125e-08
23.800000000000001 5.414369899270504e-08
23.850000000000001 2.2097403767614849e-08
23.900000000000002 5.6731389061180232e-09
23.950000000000003 5.0061916388856644e-11
24 2.1498907079348228e-09
24.050000000000001 4.8010612995383893e-09
24.100000000000001 7.5616792655132211e-09
24.150000000000002 9.5873534330180857e-09
24.200000000000003 1.0976980299499739e-08
24.25 9.4741771556397707e-09
24.300000000000001 8.4434380491632503e-09
24.350000000000001 7.7582525855507499e-11
24.400000000000002 9.7286814866883611e-09
24.450000000000003 2.9279584980426728e-08
24.5 4.9625451626901364e-08
24.550000000000001 5.0427641174361654e-08
24.600000000000001 3.0632464267633832e-08
24.650000000000002 1.5845454467549455e-08
24.700000000000003 1.8855669248167631e-08
24.75 2.0666631209492878e-08
24.800000000000001 2.1053533454899945e-08
24.850000000000001 2.0143050424227551e-08
24.900000000000002 1.824459188998489e-08
24.950000000000003 1.574838693749065e-08
25 1.3038447515477553e-08
25.050000000000001 1.0426468161475672e-08
25.100000000000001 8.110739281019906e-09
25.150000000000002 6.1874744745369829e-09
25.200000000000003 4.6738267539188082e-09
25.25 3.5339271849571754e-09
25.300000000000001 2.4424558250930779e-09
25.350000000000001 1.9092573020418635e-09
25.400000000000002 1.5564607712198523e-09
25.450000000000003 3.4458493065547079e-10
25.5 5.1675055379031558e-11
25.550000000000001 2.0288827942949565e-12
25.600000000000001 5.5720913651852217e-11
25.650000000000002 1.9878162495129513e-10
25.700000000000003 3.6143316372098681e-10
25.75 2.5981070393609461e-10
25.800000000000001 2.4671099530284448e-10
25.850000000000001 2.4324773197698543e-10
25.900000000000002 1.4380813192991769e-10
25.950000000000003 2.7986858319764793e-11
26 9.9875150361770879e-11
26.050000000000001 3.4525744988560191e-11
26.100000000000001 1.8636938603899587e-10
26.150000000000002 9.1751496457460134e-10
26.200000000000003 1.8574969720390079e-09
26.25 2.6551713065600299e-09
26.300000000000001 2.7017599947587752e-09
26.350000000000001 2.4452575069355164e-09
26.400000000000002 1.6820670497801553e-09
26.450000000000003 9.964653807721618e-10
26.5 8.8785049355618377e-10
26.550000000000001 7.7037891237541372e-10
26.600000000000001 6.5375884545979108e-10
26.650000000000002 5.4540899219892145e-10
26.700000000000003 4.4951203736853718e-10
26.75 3.6791188822426472e-10
26.800000000000001 3.0050878505264539e-10
26.850000000000001 2.4617838237587473e-10
26.900000000000002 2.0297618139991305e-10
26.950000000000003 1.6911620239989868e-10
27 1.4268820287712974e-10
27.050000000000001 1.2194449390392521e-10
27.100000000000001 1.0550935433655555e-10
27.150000000000002 9.2228757362191953e-11
27.200000000000003 8.1213465546100143e-11
27.25 5.2927050165564608e-11
27.300000000000001 2.1212961726928549e-11
27.350000000000001 1.2741538995046572e-11
27.400000000000002 7.9933047941409208e-12
27.450000000000003 5.7597343772871308e-12
27.5 4.8862976277242488e-12
27.550000000000001 4.8324790758322559e-12
27.600000000000001 4.8026750416792669e-12
27.650000000000002 5.2868378110789821e-12
27.700000000000003 6.1073229905515872e-12
27.75 7.0405012877056017e-12
27.800000000000001 9.4991371142554051e-12
27.850000000000001 1.2231290795782658e-11
27.900000000000002 1.5418660610789129e-11
27.950000000000003 1.9168682819449348e-11
28 2.1987045113858229e-11
28.050000000000001 2.350002836773034e-11
28.100000000000001 2.3564566874959796e-11
28.150000000000002 2.2343367671299905e-11
28.200000000000003 2.0157674476569185e-11
28.25 1.1906333306887163e-11
28.300000000000001 6.3929910073377144e-12
28.350000000000001 6.1286325372854478e-12
28.400000000000002 8.0853669080760619e-13
28.450000000000003 1.2433254331919756e-12
28.5 3.4612219686626038e-13
28.550000000000001 1.0063528877047132e-12
28.600000000000001 3.6661967597536572e-13
28.650000000000002 5.7889744483585772e-14
28.700000000000003 6.3554941476688586e-13
28.75 2.3645382055168268e-13
28.800000000000001 1.0907451499197356e-12
28.850000000000001 4.1375009418687307e-13
28.900000000000002 9.9429542530012752e-13
28.950000000000003 1.7372336622534434e-12
29 2.5021973782741421e-12
29.050000000000001 3.1364455880235846e-12
29.100000000000001 3.5583480686338389e-12
29.150000000000002 3.7218336210762249e-12
29.200000000000003 3.5596884343567158e-12
29.25 3.2317902527335202e-12
29.300000000000001 1.3979160762705334e-12
29.350000000000001 1.2538947546568891e-12
29.400000000000002 3.1814734570323772e-13
29.450000000000003 3.5759786606086601e-13
29.5 4.1851312508933963e-13
29.550000000000001 4.909569811151291e-13
29.600000000000001 5.5469390173699705e-13
29.650000000000002 1.2268981662521908e-13
29.700000000000003 1.9849749369854042e-13
29.75 2.8944210028163165e-13
29.800000000000001 3.5373769346053101e-13
29.850000000000001 5.9908771025347231e-14
29.900000000000002 1.2053376121369544e-13
29.950000000000003 1.9616652370633191e-13
30 2.6879291608145246e-13
30.050000000000001 3.5335299979405743e-14
30.100000000000001 8.6062496296085593e-14
30.150000000000002 1.4936762568669871e-13
30.200000000000003 2.0802001437671068e-13
30.25 2.6031989158818193e-13
30.300000000000001 2.8670377902739224e-13
30.350000000000001 2.947171623522786e-13
30.400000000000002 2.8127518483054426e-13
30.450000000000003 2.4937809864094059e-13
30.5 2.2134973998512164e-13
30.550000000000001 1.8819862144816784e-13
30.600000000000001 1.5073600662655372e-13
30.650000000000002 1.2078001070032792e-13
30.700000000000003 9.5332412659964445e-14
30.75 7.3855729408043358e-14
30.800000000000001 5.6608372105657443e-14
30.850000000000001 4.3240526521815523e-14
30.900000000000002 3.3344035569825198e-14
30.950000000000003 2.614272593860148e-14
31 2.0894587375747009e-14
31.050000000000001 1.7421814396261807e-14
31.100000000000001 1.467604152786004e-14
31.150000000000002 1.2908027589375213e-14
31.200000000000003 1.1614315648391039e-14
31.25 1.0354649308672046e-14
31.300000000000001 9.5031975946231595e-15
31.350000000000001 8.6602456968102151e-15
31.400000000000002 7.8968247882291985e-15
31.450000000000003 7.1670891898144406e-15
31.5 6.4584218419439231e-15
31.550000000000001 5.7739985792613191e-15
31.600000000000001 5.1215316077192674e-15
31.650000000000002 4.5104059945038607e-15
31.700000000000003 3.9402492659978761e-15
31.75 3.41991299287383e-15
31.800000000000001 2.9521288120050619e-15
31.850000000000001 2.5365374235477967e-15
31.900000000000002 2.1714088566276513e-15
31.950000000000003 1.8552647760195747e-15
32 1.5851441405180532e-15
32.050000000000004 1.3533242757207393e-15
32.100000000000001 1.1570936001913228e-15
32.149999999999999 9.9108539366878296e-16
32.200000000000003 8.5089339496767977e-16
32.25 7.3306956821891712e-16
32.300000000000004 6.3315166146519893e-16
32.350000000000001 5.4728522447336803e-16
32.399999999999999 4.7450160231093679e-16
32.450000000000003 4.1205290118601532e-16
32.5 3.5832070594126168e-16
32.550000000000004 3.1186692943833334e-16
32.600000000000001 2.7155268289004838e-16
32.649999999999999 2.3652744980335284e-16
32.700000000000003 2.0599581965468155e-16
32.75 1.7932960846982596e-16
32.800000000000004 1.5602547158442084e-16
32.850000000000001 1.3560347002243278e-16
32.899999999999999 1.1776672278288203e-16
32.950000000000003 1.0220957488395554e-16
33 8.86742274784478e-17
33.050000000000004 7.6860963526123622e-17
33.100000000000001 6.660685001836674e-17
33.149999999999999 5.7679621424109467e-17
33.200000000000003 4.9944661288573575e-17
33.25 4.3236033142154089e-17
33.300000000000004 3.7423536219416261e-17
33.350000000000001 3.2395013930298799e-17
33.399999999999999 2.8040868426483902e-17
33.450000000000003 2.4276948074889809e-17
33.5 2.1023820493524001e-17
33.550000000000004 1.8211757320382124e-17
33.600000000000001 1.5780992380270612e-17
33.649999999999999 1.3679913211876338e-17
33.700000000000003 1.1861202088914983e-17
33.75 1.0283990361771624e-17
33.800000000000004 8.9189414771610255e-18
33.850000000000001 7.7348084464239165e-18
33.899999999999999 6.7079692703276837e-18
33.950000000000003 5.8174110958291283e-18
34 5.0449173511005381e-18
34.050000000000004 4.3745341727167192e-18
34.100000000000001 3.7933146112402032e-18
34.149999999999999 3.2891449709757921e-18
34.200000000000003 2.851531417620599e-18
34.25 2.4719881625339582e-18
34.300000000000004 2.1429445633170318e-18
34.350000000000001 1.8576062524322127e-18
34.399999999999999 1.6101388964184415e-18
34.450000000000003 1.3956145359353247e-18
34.5 1.2096982522864088e-18
34.550000000000004 1.0485317294667793e-18
34.600000000000001 9.0883246723267749e-19
34.649999999999999 7.8773760533294535e-19
34.700000000000003 6.8279371790562115e-19
34.75 5.9183670935916842e-19
34.800000000000004 5.1300463300066557e-19
34.850000000000001 4.4467997112466732e-19
34.899999999999999 3.854622589167324e-19
34.950000000000003 3.3413582995751876e-19
35 2.8964772017052658e-19
35.050000000000004 2.5108574018136472e-19
35.100000000000001 2.1765959328617833e-19
35.149999999999999 1.8868433228214595e-19
35.200000000000003 1.6356680324869822e-19
35.25 1.417922947197665e-19
35.300000000000004 1.2291630516884691e-19
35.350000000000001 1.0655297765798516e-19
35.399999999999999 9.236780605252658e-20
35.450000000000003 8.0070092507628404e-20
35.5 6.9409811414174292e-20
35.550000000000004 6.0169132507351698e-20
35.600000000000001 5.215828726642199e-20
35.649999999999999 4.5213564988126212e-20
35.700000000000003 3.9193305474285411e-20
35.75 3.3974713243658956e-20
35.800000000000004 2.9451039890396184e-20
35.850000000000001 2.5529519376301059e-20
35.899999999999999 2.2130167737130598e-20
35.950000000000003 1.9183471227203117e-20
36 1.6629141202915844e-20
36.050000000000004 1.4415069357703974e-20
36.100000000000001 1.2495770721683363e-20
36.149999999999999 1.0831940848632961e-20
36.200000000000003 9.3896822385547314e-21
36.25 8.139558392030354e-21
36.300000000000004 7.0558554963920234e-21
36.350000000000001 6.1163999289150005e-21
36.399999999999999 5.3020197497213926e-21
36.450000000000003 4.5960489435001226e-21
36.5 3.9841595205458804e-21
36.550000000000004 3.4536900468615061e-21
36.600000000000001 2.9938984326136116e-21
36.649999999999999 2.5952551575786628e-21
36.700000000000003 2.2496934907716715e-21
36.75 1.9502182345670825e-21
36.800000000000004 1.6905760524541706e-21
36.850000000000001 1.4654904176991136e-21
36.899999999999999 1.2703634209892424e-21
36.950000000000003 1.1012261480992221e-21
37 9.546264715516848e-22
37.050000000000004 8.2752085230436164e-22
37.100000000000001 7.1734309910990553e-22
37.149999999999999 6.2185083572265525e-22
37.200000000000003 5.3906614530314525e-22
37.25 4.6730373191425741e-22
37.300000000000004 4.0509639892691653e-22
37.350000000000001 3.511687806915036e-22
37.399999999999999 3.0441937280412485e-22
37.450000000000003 2.638926614289631e-22
37.5 2.2876557907422516e-22
37.550000000000004 1.9831638060281624e-22
37.600000000000001 1.7193414543172194e-22
37.649999999999999 1.4905562847698816e-22
37.700000000000003 1.2921276937569378e-22
37.75 1.1201998080597583e-22
37.800000000000004 9.7119157461712678e-23
37.850000000000001 8.4192607356305256e-23
37.899999999999999 7.298912660917112e-23
37.950000000000003 6.3278094323118751e-23
38 5.4863425808127692e-23
38.050000000000004 4.7569741137970657e-23
38.100000000000001 4.1248943214783142e-23
38.149999999999999 3.5766583664171353e-23
38.200000000000003 3.1010178291969858e-23
38.25 2.6887262468154503e-23
38.300000000000004 2.3321779376491664e-23
38.350000000000001 2.0229897853267251e-23
38.400000000000006 1.7549686894002689e-23
38.450000000000003 1.522517817332723e-23
38.5 1.3208368026043976e-23
38.550000000000004 1.1460240895546798e-23
38.600000000000001 9.9441479558566478e-24
38.650000000000006 8.6288472582907651e-24
38.700000000000003 7.4877222661284439e-24
38.75 6.500490847806483e-24
38.800000000000004 5.6443835933275192e-24
38.850000000000001 4.9024389331974594e-24
38.900000000000006 4.2602763768483837e-24
38.950000000000003 3.7038972916943058e-24
39 3.2227408763222893e-24
39.050000000000004 2.8037324514815879e-24
39.100000000000001 2.4406499753898842e-24
39.150000000000006 2.1263533940383128e-24
39.200000000000003 1.8532453852639165e-24
39.25 1.6163596259340699e-24
39.300000000000004 1.4116060448185249e-24
39.350000000000001 1.2339146575313295e-24
39.400000000000006 1.0795666012019488e-24
39.450000000000003 9.4530434867798252e-25
39.5 8.2964651778703869e-25
39.550000000000004 7.2932655878011357e-25
39.600000000000001 6.4158461712838816e-25
39.650000000000006 5.6586225326667585e-25
39.700000000000003 5.0047317840245357e-25
39.75 4.44324031321085e-25
39.800000000000004 3.955178234126432e-25
39.850000000000001 3.5264816359453884e-25
39.900000000000006 3.1577569554886078e-25
39.950000000000003 2.8410778662918493e-25
