0 0
0.011886687148107901 0.00022066319626469087
0.18128919170284355 0.012332951120247009
0.81863755263984983 0.11390521032569613
2.2536608440027406 0.50927997171947725
4.7120992672479254 1.531429941067195
8.2435996627847317 3.5822998519217419
12.708888208027421 7.044958286759937
17.819355555606176 12.205388514295745
23.206086424795455 19.207865379171253
28.492895913355326 28.049564652435222
33.353818387047347 38.605460827532724
37.546273619493221 50.668922703632454
40.92087616390581 63.993861836963859
43.414098209911025 78.32934471009456
45.031577659624695 93.444108252980513
45.827849636430251 109.1397705932026
45.88777665201512 125.25510023416282
45.31160023824787 141.66471783438632
44.203385515971249 158.27536882768183
42.663332462760025 175.02026142183087
40.783619027353467 191.85309451739926
38.645845176498042 208.74304555014484
36.320534544359049 225.67037016459537
33.867111456134154 242.62306344295914
31.335012569785039 259.59422459046681
28.764263370300807 276.58024662935134
26.186869158642534 293.57946815969586
23.627912401570487 310.59125562309913
21.106625113067505 327.61548000221325
18.637421094353115 344.65216539268437
16.230812614392953 361.7013082440447
13.894242398167949 378.76279822467421
11.632812751655916 395.83640623714655
9.4500579093112318 412.92180906602647
7.3487447905622041 430.01865328000633
5.3318269511933369 447.12663546166374
3.4043042930978618 464.24567191691784
1.5777949819954591 481.3762745020054
-0.092223785970344918 498.41939837243478
-1.0704799949087844 511.14911837410148
-1.289520847750524 517.88811734545141
-1.1928185692647117 520.2592822240274
-1.4667901158419714 518.74305411025171
-2.8832364701120103 513.4492612927736
-4.8163188156968975 507.47779634987972
-6.0932003776959638 503.19766309579148
-6.7567976195774113 499.97457091021988
-7.1185032329636719 497.643604280989
-7.4360437424742054 496.02090114042784
-7.7756591911681889 494.91297794969876
-8.1267852279483819 494.18069442423285
-8.4457620521667653 493.73834543830657
-7.4692757869871471 494.54856529096281
-3.2781879399217431 497.19576533680203
0.5513546558992225 499.2153835922532
3.2539918225659847 500.59650735250779
4.6778693461398442 501.24017292820116
1.7384276725777892 500.29284168250234
-1.9972930544477878 499.3815823223286
-4.2246599974355608 498.94654032005781
-2.7067981113643431 499.29637545075565
1.9044728183085122 500.54471852289595
3.3206847471675416 500.99679693745844
1.3569491660507667 500.17132806909768
-0.1690292619691264 499.54144058321543
-1.2541677280840711 499.13798503035804
-2.0032075153045041 498.82570965895678
-1.6660052239763274 499.04932578706513
0.014796881786009582 500.16923728815703
1.1687093275887217 500.9847741133724
0.25958561404799152 500.22658357158082
-0.83714759744851008 499.28456576315119
0.66650916326620746 500.56168834551448
0.50373444963503711 500.45376113495234
-0.40935739414981975 499.76421466272683
-1.0193622676177307 499.31308212984118
-0.02770700735040782 499.94505231204437
0.69408159002082137 500.388347959322
-0.51065846180664665 499.7086338319441
-0.013044449750420292 499.99557269077962
0.60147756399053964 500.34900075978987
-0.34438494056470942 499.8441236566419
-0.56392580347060672 499.72241837217445
0.39203416384735579 500.16131874282684
-0.020438995150426128 499.98530962408262
-0.41231589267960483 499.82044614169752
0.47506329129181774 500.21452853143853
-0.1126344973405087 499.96847211874382
-0.50136936440887536 499.80792176429128
0.26666620820833009 500.08432235110212
0.0030909428048536505 499.9964671251642
-0.32350516664269641 499.88868619651197
0.34749741212226259 500.12570144921563
-0.13232818678739072 499.96552578850554
-0.27386215306262424 499.91568145053787
0.25908349937774477 500.06550749261311
-0.1100980011931275 499.96795172820327
-0.12056620900512077 499.96802674874601
0.22229787745943405 500.06484126870555
-0.20423184663928021 499.95252438297069
-0.050798702830072415 499.98439145862886
0.16862163262033159 500.03225416528301
-0.19215177241522868 499.95913096322994
0.066807105838545572 500.01625858598942
0.049064495669326899 500.01374424566251
-0.19493613523621203 499.96457790428707
0.072665616946862854 500.00894232112881
0.016795165770782258 500.00092063193534
-0.12318956975458825 499.98033088671599
0.11495784562719734 500.02061402066795
-0.055386857897894229 499.99383930979178
-0.062627649542679575 499.99087370017605
0.08986256995857872 500.00831292365376
-0.067789013521098118 499.99203672868958
-0.0010941204129778202 500.00058717283201
0.048978970803930932 500.00700103512213
-0.089611781203405877 499.9921507865771
0.019107287641055286 500.00005873525447
0.023715259391995515 500.00067181249943
-0.066297597508047743 499.99534962757872
0.048979869952075768 500.00447674940193
-0.014675616421602013 500.00006233471635
-0.039977522738067983 499.99792777101544
0.041825484611269566 500.00036907050776
-0.024651293429939245 499.99901154171289
-0.0093466251821050002 499.99997179467488
0.028595881371748181 500.0015901467583
-0.038584893031765578 499.99968835036879
0.0045231360455857553 499.99939031772692
0.015024879625507494 499.99939561857548
-0.031951132127156931 500.00018869812538
0.020243292221969827 500.00035468425898
-0.0034340037433087875 500.00049316445319
-0.021512047956561042 500.00051988361253
0.018816447206455887 499.99880133513813
-0.0093681623846469716 500.00024047190112
-0.0068783458841430436 500.00037527377981
0.01451303814482559 499.99976434846121
-0.016445205541420847 500.00100735056361
0.00076998551099553554 499.99968428967424
0.0079593060865536455 499.9991666253668
-0.014801804174976809 500.00107071505676
0.0083796956832305376 499.99960930138968
-0.00054425636539604015 500.00025043375496
-0.010620179756446996 500.00095268234918
0.0083857355148432271 499.99892650421316
-0.0037000119627771436 500.0003088209034
-0.0038993535115130163 500.00044078075922
0.006950116220194355 499.99945234409336
-0.0070527774220404378 500.00086775662857
-3.6902576000072603e-05 499.99988952350571
0.0039060739166534328 499.99935993065441
-0.0067410579061950478 500.00088795960323
0.0035139646729791352 499.99963536801744
6.3711969554274431e-05 500.00008709079032
-0.005017375948181621 500.00074329193319
0.0037338514110458248 499.9993051000888
-0.0015182024172069434 500.00020622069889
-0.001984270260381755 500.00033304239292
0.0032303268864322743 499.9995645079353
-0.0030607401155457706 500.00054777137427
-0.00012377485668958643 499.99997175538601
0.0018375033939781631 499.9995985847508
-0.0030458857880242356 500.00056574909001
0.0014995845137722901 499.99976651170425
0.00011774419858974968 500.00002156336501
-0.0023113804580529519 500.00046530158113
0.0016663083945167663 499.99960120852484
-0.00064652726989612632 500.00011931532606
-0.00095074461175140409 500.00020816952212
0.0014754092652854182 499.99972578198748
-0.0013438793997615326 500.00030939293475
-8.0422916384896646e-05 499.99999606820012
0.00084120532701339502 499.99977347974271
-0.0013710910323650343 500.00032291486934
0.0006518772441238324 499.99986724679462
7.5294610166223416e-05 500.00000205052623
-0.0010476776169062161 500.00026226807182
0.00074598327367889864 499.99978470625797
-0.00028478747212263249 500.00006571681007
-0.00043801984353488674 500.00011689040019
0.00066634493260750926 499.99984478060816
-0.00059602289089311414 500.00016548528873
-3.8848500175683306e-05 500.00000066856518
0.00037768559519287009 499.9998802799866
-0.00061603076555898052 500.0001736139842
0.0002883150583459235 499.99992837382695
3.7565811634914188e-05 499.99999841712196
-0.0004695390930223679 500.00013897150114
0.00033495696027947337 499.99988791670398
-0.00012901681573392057 500.00003548956283
-0.00019620175541895454 500.00006122575564
0.00029860338951365228 499.99991735920764
-0.00026657139492150056 500.0000858008143
-1.5675039768077647e-05 500.00000044422114
0.00016704972829252853 499.99993951558542
-0.00027645741064450839 500.00008991232369
0.0001293898908604282 499.99996239874122
1.6311991838943255e-05 499.99999878467128
-0.00020862208852965975 500.00007067379892
0.00015072341269966366 499.99994304547886
-5.9700654091407035e-05 500.00001896997833
-8.5960793353904581e-05 500.00003051282175
0.00013299988368427193 499.9999577329192
-0.00012003242223803923 500.00004361333282
-5.1718104812358186e-06 499.99999977208199
7.2947233511924537e-05 499.99997045940165
-0.00012391003228136679 500.00004536776333
5.8742912764272437e-05 499.99998058257449
6.2663930404721302e-06 499.99999955806294
-9.2015127075403198e-05 500.00003488215066
6.7907656664440162e-05 499.99997156360496
-2.8048040511243475e-05 500.00001006550929
-3.6952633542048658e-05 500.00001463193252
5.893388780722477e-05 499.9999789943289
-5.4344340288067086e-05 500.00002187089069
-1.1011637875169029e-06 499.99999947231674
3.1489012756017945e-05 499.99998595654722
-5.5463193461829633e-05 500.00002245462991
2.6898869710909141e-05 499.99999008695272
2.0519736679147743e-06 500.00000000563927
-4.0325579661944581e-05 500.00001682584133
3.0608703211379815e-05 499.9999859948847
-1.330584895701014e-05 500.00000530125857
-1.5618367180283965e-05 500.00000680035362
2.5995467695134693e-05 499.99998978567936
-2.4708555329903351e-05 500.00001085870809
1.8718170520868812e-07 499.99999946804729
1.3444954367269659e-05 499.99999347341083
-2.4786469646964391e-05 500.00001094653356
1.2389865550395813e-05 499.99999498547345
4.7839712354251697e-07 500.00000016513957
-1.7568021196073236e-05 500.00000796628984
1.3792248236598216e-05 499.99999317954348
-6.347374161553587e-06 500.00000276991977
-6.4954231321661745e-06 500.00000307636316
1.1417533181491279e-05 499.99999511893844
-1.1267873807542049e-05 500.00000534826421
4.3624689107165873e-07 499.99999958367937
5.6782306597910581e-06 499.99999702696346
-1.1056388902104988e-05 500.00000527012293
5.726526454471737e-06 499.99999748446163
-1.8828392559644857e-08 500.00000017779865
-7.6094902425079586e-06 500.00000371241958
6.2087127543429372e-06 499.99999671056082
-3.0357621221474026e-06 500.00000143525295
-2.6571178053145246e-06 500.00000135763992
4.9936157174725598e-06 499.99999770140693
-5.1464709879618293e-06 500.00000261516163
3.6995490622688726e-07 499.99999971426513
2.3705505930157438e-06 499.99999867086433
-4.9211415847821657e-06 500.00000251004292
2.6511928021180345e-06 499.99999874794804
-1.2543321926845633e-07 500.00000013943605
-3.2771170742065725e-06 500.00000170600316
2.7910301968757786e-06 499.99999842708155
-1.4528090828746594e-06 500.00000073744593
-1.0679155725435856e-06 500.00000058497693
2.1749809895865829e-06 499.99999893114915
-2.3517286746045828e-06 500.00000127018291
2.4989646857920423e-07 499.99999981923253
9.7725831250933226e-07 499.99999941656216
-2.185325237929412e-06 500.00000118425345
1.2281471374384424e-06 499.99999938134238
-1.131868508533531e-07 500.0000000949467
-1.4026879709595419e-06 500.00000077378735
1.252366801150173e-06 499.99999925377324
-6.9508722331170574e-07 500.00000037595333
-4.2039980672322645e-07 500.00000024579566
9.4315639510597349e-07 499.99999950868573
-1.0738605234441901e-06 500.00000061274017
1.5187546711839316e-07 499.99999989183692
3.9700481504945986e-07 499.99999974874066
-9.6816689389816682e-07 500.00000055404473
5.6853692146635933e-07 499.99999969658768
-7.7687221003896914e-08 500.00000005936874
-5.9702253844153877e-07 500.00000034687247
5.6100766668767828e-07 499.99999964845654
-3.3214867281627672e-07 500.00000019013839
-1.6144090590811278e-07 500.00000010046944
4.0738987734445588e-07 499.9999997764707
-4.9011008215645823e-07 500.00000029383995
8.6536685023015789e-08 499.99999993800117
1.5872428744600816e-07 499.99999989387925
-4.2792957428737058e-07 500.00000025721414
2.6303075569420161e-07 499.99999985215743
-4.7483362071897783e-08 500.0000000351389
-2.52454636703259e-07 500.00000015365555
2.5071998777895528e-07 499.99999983553045
-1.5841619775512244e-07 500.00000009544118
-5.9954889087788444e-08 500.00000003971161
1.7511271312191674e-07 499.99999989933588
-2.2326233756470975e-07 500.00000014001637
4.732068374987077e-08 499.99999996556062
6.2115309216567074e-08 499.99999995620828
-1.884957168705901e-07 500.00000011847169
1.2141528938883936e-07 499.99999992847751
-2.7149648245749737e-08 500.00000001997114
-1.0590191596422423e-07 500.0000000672095
