0 0
2.6072190062247018 -1.583666580885021e-18
9.5824060162481164 -4.4248985277381961e-17
19.622512836740658 -6.7640657887956819e-17
31.811619879717146 -6.7640626194737174e-17
45.507460913433988 -6.7640597514066676e-17
60.259676800595507 -6.7640552392482129e-17
75.752557354773785 -6.7640714853242753e-17
91.764761890106811 -6.764044579148104e-17
108.1412072012339 -6.7639853691336546e-17
124.77312059128938 -6.7639636289297986e-17
141.5840393280705 -6.7639958294868706e-17
158.52032555727078 -6.7639996061566177e-17
175.54460102393065 -6.7643009791448967e-17
192.63060962796948 -6.7643011609204917e-17
209.75993833109666 -6.7642452899472176e-17
226.91957677065892 -6.7642330703421883e-17
244.10051251415209 -6.7642289175361487e-17
261.29633542679761 -6.7642332260462226e-17
278.50262379817639 -6.7642331846871919e-17
295.71629184118984 -6.7642331846871919e-17
312.93506306408705 -6.7642046896369159e-17
330.1574142672705 -6.7642046896371156e-17
347.38227565492667 -6.764180088333942e-17
364.60889674974322 -6.7642018464934629e-17
381.83675304007335 -6.7642018464935653e-17
399.0654722797114 -6.7641991995156051e-17
416.29479990308619 -6.7641991995156051e-17
433.52455506333371 -6.7641992201951204e-17
450.75460795513368 -6.764199499550804e-17
467.98486399270769 -6.7641809382866824e-17
485.21527432556962 -6.7641811920543979e-17
502.36264141784568 0.00043250118870877383
515.26820996375375 0.18414615738164489
522.59456174444972 0.73552027564532507
525.44267005889867 1.2097218572932096
524.47411872607267 0.8800370893874343
520.01770096667417 -1.0695012922804128
513.49496494294942 -4.5644884024594612
508.00625981534353 -7.6329670081763039
503.53538783057297 -9.836087618474405
500.21406388767645 -11.334306209279088
497.93721191158181 -12.491325160996952
496.43939133077419 -13.471201497991343
495.50673657040244 -14.310023404506358
495.10354673743507 -14.809398517933738
495.84974179043297 -13.164849729767296
497.43521055535871 -7.6390221163780945
498.65602180362072 -1.0043772734907843
499.87186963047463 7.4591826699009607
501.15373162987248 18.486250508937655
502.33210514962826 31.336343902784503
503.32467441448762 45.479622776188634
504.10196662522537 60.538030882899633
504.66503685315678 76.242111067913115
505.03129364994936 92.401249209503717
505.22582694806511 108.8802068299207
505.27617690032497 125.58360925524947
505.20951925500771 142.44404244053209
505.05089399832775 159.41433095754005
504.82251730387759 176.46142724935186
504.54355095273445 193.56221815624085
504.23015799255074 210.70056236989618
503.89563707453595 227.8652500069621
503.55081820625492 245.04843272200026
503.20423212806924 262.24471935451186
502.86258540444874 279.45025215959129
502.53087570362499 296.66239273993716
502.21274905012632 313.87928512360168
501.91075835749183 331.0996413365487
501.62656925345146 348.32253684889173
501.36109746629353 365.54730863494086
501.11490045478968 382.77349225972927
500.88810398230612 400.00074623688141
500.68138889653289 417.2288401815494
500.49257903764146 434.45751793194574
500.32263920719657 451.68668658378709
500.17185665562982 468.91624153335209
500.04241387900618 486.14611580546602
499.95384637586085 503.11256049445649
500.01747088187506 515.42021760406556
499.89827177000035 523.85279501374862
499.41157400588435 529.74409371779757
498.57944090989707 534.19529902467491
497.33561375182558 538.09059031266224
495.44843377103814 542.04824977236262
492.57212848948791 546.39271050368018
488.34846077456416 551.17163601214463
482.50077565646023 556.22116867325394
474.88876984314629 561.25595991234331
465.51889027546542 565.9579613638557
454.5200383614727 570.04505350748923
442.10165910446307 573.3104138281285
428.51051211086104 575.63510598416929
413.99507384665208 576.98229417566336
398.7814262448515 577.38009533463992
383.06120342459508 576.90225872329904
366.98666874102071 575.64894921027656
350.67352045651103 573.73224739941804
334.20546706000181 571.26505404552836
317.64051293929009 568.35437158238585
301.0168249564984 565.09708224394728
284.35806571630138 561.5780781848174
267.67778881789843 557.86993970087053
250.98282908140087 554.03361632944382
234.27578303285026 550.11915014823865
217.55681484389189 546.16703198609309
200.82485029535448 542.20949240863024
184.0783763582271 538.27190475560951
167.31589120670429 534.3735714423716
150.53616974932925 530.52886769799318
133.73835039209882 526.7482969008463
116.92193762895799 523.03932237884283
100.08675085595044 519.40710448288087
83.232766467647266 515.8555660701071
66.360159846142054 512.38743727780241
49.46895177730844 509.00609411406612
32.558672470890627 505.71755565259872
15.627413799278635 502.53635279089127
-0.9901634419665446 499.58978471332222
-13.108423233760393 497.69715685758536
-22.00730594739327 496.19328660416778
-28.927805983265305 494.59491114229331
-34.694153025649179 492.68842493114823
-39.963297948467208 490.25564076814044
-45.167398970746177 487.01199320786367
-50.49704828627489 482.64122021529863
-55.928939259419039 476.86446085706251
-61.288236431501865 469.49993975039615
-66.32566505804472 460.49111875817783
-70.787062450312277 449.90148351896448
-74.463702070116469 437.88789165240922
-77.217341637302724 424.66158338797794
-78.985663000074183 410.4524049578182
-79.772709585557337 395.48259876813711
-79.63349931096387 379.94870685846848
-78.656307691081125 364.01285394216484
-76.947543136084789 347.80213795218606
-74.619636368648642 331.41122378144246
-71.782291834451442 314.90721035743371
-68.537586000680321 298.3354953669691
-64.97685306999864 281.72496397328803
-61.17963583717389 265.09263407529647
-57.213497042066464 248.44736623177585
-53.135274044868019 231.7927620932654
-48.99145756818011 215.12920496429837
-44.819690685163948 198.45535568241914
-40.650046462365395 181.76915731754352
-36.506076379097991 165.06842226958872
-32.405919974345942 148.35119090229168
-28.363361099210167 131.61588690774042
-24.388739952741908 114.86135780141983
-20.489793630260579 98.086832676550017
-16.672526559056969 81.291817689910545
-12.942207164796832 64.475938185193428
-9.304706879177612 47.638691935607824
-5.7691816665177429 30.778967406839307
-2.3563572053958848 13.893605757939147
0.71892808364438998 -2.399587291565485
2.4237471340001457 -13.006519583290086
2.9881766614726075 -18.235210154999702
3.0362225761584685 -19.33784726118575
3.3186587050889913 -16.509224581677096
4.4368473490055678 -10.324605812524167
5.5603690327698647 -4.9352828907363646
6.1543295627080639 -1.1043200857304942
6.3422587885301738 1.760788337139038
6.4442768283524892 3.7730654600076314
6.6088238784973505 5.1756361253131393
6.8438684214194074 6.1369980757556624
7.1156563985593824 6.7751314081360219
7.1848517178840847 6.9183848281659683
4.9468666978887539 4.7946566744616161
0.99291208065527392 1.8079358754838422
-1.9109699363550336 -0.21677729575462731
-3.9797349813128435 -1.5787919599582245
-3.5225135101528253 -1.3795850507515102
0.30833344485677228 0.28895439060999645
3.3172224439393938 1.3418693700880979
3.6896140566182432 1.460888247708225
0.19735056107372584 0.088561220407065974
-2.6835485355627364 -1.1927819464009293
-1.4543502233835912 -0.51477738199142709
-0.021910557198145282 0.28383420743586329
1.0005591936356391 0.81017767197767954
1.7050257745645905 1.2020931371588159
1.0924923159093747 0.73784754494024873
-0.30497094994379342 -0.3762793749378967
-1.0281821589335034 -0.97964941196136435
0.42088146985158986 0.40292422097061981
0.29737562726564037 0.28630101512308881
-1.0004352414018003 -0.96563948367716579
-0.30520366014039124 -0.22975073853444944
0.60699920015114917 0.74150482674301421
0.7011123619804942 0.8222029802878178
-0.27553969196837402 -0.40841289870959868
-0.26353678579441114 -0.37479018788628271
0.58464402760194745 0.79595244464558157
-0.30671748137728699 -0.40594582891862041
-0.43631826847082883 -0.56904160138322368