0 0
2.6072190062247018 -1.583666580885021e-18
9.5824060162481164 -4.4248985277381961e-17
19.622512836740658 -6.7640657887956819e-17
31.811619879717146 -6.7640626194737174e-17
45.507460913433988 -6.7640597514066676e-17
60.259676800595507 -6.7640552392482129e-17
75.752557354773785 -6.7640714853242753e-17
91.764761890106811 -6.764044579148104e-17
108.1412072012339 -6.7639853691336546e-17
124.77312059128938 -6.7639636289297986e-17
141.5840393280705 -6.7639958294868706e-17
158.52032555727078 -6.7639996061566177e-17
175.54460102393065 -6.7643009791448967e-17
192.63060962796948 -6.7643011609204917e-17
209.75993833109666 -6.7642452899472176e-17
226.91957677065892 -6.7642330703421883e-17
244.10051251415209 -6.7642289175361487e-17
261.29633542679761 -6.7642332260462226e-17
278.50262379817639 -6.7642331846871919e-17
295.71629184118984 -6.7642331846871919e-17
312.93506306408705 -6.7642046896369159e-17
330.1574142672705 -6.7642046896371156e-17
347.38227565492667 -6.764180088333942e-17
364.60889674974322 -6.7642018464934629e-17
381.83675304007335 -6.7642018464935653e-17
399.0654722797114 -6.7641991995156051e-17
416.29479990308619 -6.7641991995156051e-17
433.52455506333371 -6.7641992201951204e-17
450.75460795513368 -6.764199499550804e-17
467.98486399270769 -6.7641809382866824e-17
485.21527432556962 -6.7641811920543979e-17
502.36264141784568 0.00043250118870877383
515.26820996375375 0.18414615738164489
522.59456174444972 0.73552027564532507
525.44267005889867 1.2097218572932096
524.47411872607267 0.8800370893874343
520.01770096667417 -1.0695012922804128
513.49496494294942 -4.5644884024594612
508.00625981534353 -7.6329670081763039
503.53538783057297 -9.836087618474405
500.21406388767645 -11.334306209279088
497.93721191158181 -12.491325160996952
496.43939133077419 -13.471201497991343
495.50673657040244 -14.310023404506358
495.10354673743507 -14.809398517933738
495.84974179043297 -13.164849729767296
497.43521055535871 -7.6390221163780945
498.62799649472606 -1.1863182100139296
499.37721019185335 3.3921840036646347
499.73107713380455 6.0957966952799163
499.63997447219725 3.7708107544546907
499.69313281217148 -0.60806326314590853
499.94787677290742 -3.6967096645201361
500.05472418540722 -4.989654659611312
500.02423515955235 -1.9393621158492527
500.1275839836548 2.4357757831916862
500.16358752398628 3.3426850380739617
500.16610063755974 1.1133427978972013
500.19748613236447 -1.4923743466098409
500.2425522152833 -2.9081626497560538
499.99354478711928 -0.66148238302518669
499.72607002279813 1.4846894629036786
499.8949645014946 0.45642809805302498
500.29670507861613 -1.7906363468828514
500.04338503886407 -0.24147538242212799
499.68830934273342 2.0215190130218539
499.90212478186953 0.98099758786449154
500.30124336884222 -0.91004965638979984
500.54126691257846 -1.9672922112005073
499.99599589053707 -0.17401255028590365
499.55465434406119 1.2076272503845575
500.14186407543031 -0.42712978922537609
500.37257182844667 -1.0403498810472571
499.61690660952655 1.1053044187230234
499.69939626033459 0.92307270340203018
500.33272057907561 -0.6561505930228444
500.61822381410587 -1.3498723421618413
499.86509052582289 0.18741282700843243
499.60580426135948 0.71293310323537284
500.45247647995524 -0.84978507131077374
499.99627690339355 0.015941560715940523
499.48294857690797 0.99266519885954363
500.16924870069721 -0.21829917683604855
500.63412600439005 -1.0181748175021703
499.89211919296645 0.11826805831956907
499.66721820685029 0.46337629407909214
500.46598522177396 -0.67452015908995333
499.86182839476243 0.210300945927229
499.65590877358665 0.51877613942550127
500.35413896197809 -0.44771057709063117
500.2664725874584 -0.3550406755150895
499.62703823926358 0.43204247257728329
500.15079441574971 -0.18653575385820295
500.20299980905531 -0.24095364065489144
499.63051411756305 0.45387052113599935
500.16998687196718 -0.17310199055459208
500.31472522094754 -0.34623617089137665
499.72836631512899 0.26738852105304345
500.07179714522738 -0.078785888997607481
500.19832302611866 -0.20188363594142578
499.71833467366912 0.29672200019667011
500.15472328611696 -0.14032794490331482
500.1807460524351 -0.17455487093506472
499.76825674315205 0.2001376413382896
500.12774289106454 -0.11637768175278355
500.06104509209223 -0.052774849608240866
499.8297709988301 0.15828227259467362
500.19674893907728 -0.16349463060696856
500.02217257466316 -0.024156261797118776
499.86139415810658 0.10546158013675336
500.17706405025024 -0.14074702351817456
499.92502079344871 0.062704973331344518
499.9735012648145 0.025790490198872786
500.17032199617944 -0.12730274677181644
499.92281780072847 0.051634054749517398
499.99550505320445 0.0010241098830373122
500.10311828588129 -0.073574483475515484
499.89614966740953 0.077143754994881672
500.05925206716944 -0.038621108306297405
500.04871561287553 -0.034128897916111088
499.91699490060006 0.051259575286095906
500.06886214618129 -0.044777527410733035
499.99386784573636 0.0049836777868407381
499.96104289218346 0.027068122923613731
500.08567513978142 -0.052314514801838012
499.97675046184912 0.012020837580929601
499.98183617136289 0.0094573550946341657
500.0609318636977 -0.035739912687365059
499.95219994725699 0.02938063561346663
500.01793290023483 -0.0091138520136559674
500.0345438995264 -0.019506964006392229
499.95880194988888 0.020876086837843401
500.02649235123107 -0.014395961761196341
500.00586678685499 -0.002769572407617652
499.97468933812587 0.014394452925004264
500.03914512508891 -0.019791548650956371
499.99318040742355 0.0026092910769470435
499.98691751977907 0.0057736231916742185
500.0310938732419 -0.015158744507587727
499.97909909921032 0.010783008700566222
500.00520344114585 -0.0019565476235401222
500.01980675638907 -0.0092347947572539134
499.98057841293632 0.0081166635451924395
500.01057497047668 -0.0048524048923577635
500.00546307242166 -0.0022955736668678435
499.98635085924684 0.0064880561963243395
500.01746030963682 -0.0073464688599217901
499.99812944451662 0.00044985828859210028
499.99260269805933 0.0027170742133161689
500.01503234621339 -0.0061182418051206125
499.99094988235305 0.0039460165699615728
500.00138179389262 -0.00031322592324844724
500.01027788361569 -0.0039843089494317838
499.99101673315266 0.0030927447361704503
500.00435739493616 -0.0016947488174552192
500.00338172035276 -0.001202991297900167
499.99317558213511 0.0027287127896781739
500.00776196571144 -0.0027156860831622793
499.99954094484787 2.053257224657426e-05
499.9962059269813 0.0011480236064770144
500.00708327026416 -0.0024037161652439919
499.99606186091796 0.0014532338885253372
500.0003098888929 3.9970896194707521e-06
500.00504039806555 -0.0016226055166077022
499.99587576214094 0.0011609643624457373
500.00185187163441 -0.00060919318681446413
500.00181357034432 -0.00053817338534760623
499.9967192660614 0.0011029773146647005
500.00346613133212 -0.0010022320894559212
499.99990600265448 -3.2514999961656969e-05
499.99815430980408 0.00045346308181689726
500.00329236193215 -0.00092529341016248979
499.99826732695794 0.0005393099801954145
500.00004450654978 3.5781040455285194e-05
500.00239244653335 -0.00063463850510575971
499.99811142410283 0.00042840072450057456
500.00081092841594 -0.00022382904616899318
500.00090174471359 -0.00021988537849112276
499.99845950119033 0.00043307876879384157
500.00155872054131 -0.00036809205561179586
499.99998532000956 -2.2470268729927725e-05
499.99913197588097 0.00016931946668503019
500.00151811285019 -0.00034890402814884933
499.99922770119991 0.00020112528728141279
499.99999466129566 2.2684401315347837e-05
500.00111172508718 -0.00023952813444417877
499.99913571283105 0.0001542509460799399
500.00036483145141 -8.3283247781113033e-05
500.00042734332902 -8.3838031372884616e-05
499.99928779310727 0.00016566555380265476
500.00070588084202 -0.00013355807770501726
499.9999969249339 -1.0855788455389601e-05
499.99960151347602 5.9566822573253312e-05
500.00069641391832 -0.00012827253290519924
499.99965135445228 7.4948710634572551e-05
499.99999280196846 1.0875354302331975e-05
500.00050888744738 -8.7031153547147261e-05
499.99960446292783 5.3448524368250407e-05
500.00016788723116 -3.0998183597179896e-05
500.00019572141758 -2.9920683748274059e-05
499.99967436479756 6.1636115418276923e-05
500.00032158689669 -4.7318321500582656e-05
499.99999684911222 -4.6380547317205166e-06
499.99982044036091 1.9396001652264912e-05
500.00031827188326 -4.5535302898896208e-05
499.99984089147398 2.766213856477042e-05
499.99999708526138 4.6662213018342652e-06
500.00023026386958 -3.0155399914429739e-05
499.99981901829233 1.735660723949875e-05
500.00007859986579 -1.1352483783824471e-05
500.00008728244705 -9.8777445741019629e-06
499.99985239820387 2.2170350016737985e-05
500.00014721378335 -1.6060237141643845e-05
499.99999651951589 -1.9166644745766879e-06
499.99992035595483 5.5726050137947982e-06
500.00014496531492 -1.5323730943289645e-05
499.99992676159701 9.9858999872759189e-06
499.99999977483856 1.9121509554542987e-06
500.0001031823158 -9.7551108852492153e-06
499.99991724958096 4.974092337383279e-06
500.00003725123122 -3.994286207939349e-06
500.00003805135754 -2.9083272457826765e-06
499.99993358363542 7.6166757097593745e-06
500.00006763295062 -5.0325800872941637e-06
499.99999702872071 -8.2040471785725449e-07
499.99996517079211 1.2102848813466319e-06
500.00006582397288 -4.7070281661417271e-06
499.99996607466863 3.4569763902163578e-06
500.00000073976958 7.8471292523548624e-07
500.00004584790179 -2.8068791519378984e-06
499.99996220685154 1.0290642105325749e-06
500.00001779713938 -1.2939772056047784e-06
500.00001625355543 -6.8453785765264955e-07
499.99997030489237 2.4405959406647024e-06
500.00003114680567 -1.3262407946118145e-06
499.9999978544555 -3.8402941993346804e-07
499.99998497105395 2.843432595132899e-08
500.00002979713997 -1.1928891473655076e-06
499.99998422042347 1.1062872312098789e-06
500.00000084144415 3.3702629296008733e-07
500.00002021499279 -6.1825007599049886e-07
499.99998276772726 -5.4170421316003759e-08
500.00000854179535 -3.4711320367171456e-07
500.00000680718006 -6.6241256151291314e-08
499.9999868015791 6.9063572765807134e-07
500.0000143604322 -1.8969864577531567e-07
499.99999860591561 -1.9971075142475225e-07
499.99999360126554 -1.8559153680409571e-07
500.00001344583615 -1.4703138269500911e-07
499.99999264431762 2.9914885802379534e-07
500.0000006552562 1.564920572527804e-07
500.00000884686324 -2.0510140038800288e-08
499.99999215934776 -2.4554684944614626e-07
500.00000410809832 -4.4429766374756287e-08
500.00000279370056 5.9225216592524109e-08
499.99999416690775 1.4465462701476033e-07
500.00000662114093 9.270496207703172e-08
499.99999915629616 -1.1231733656826477e-07
499.99999731373748 -1.566042951308622e-07
500.00000604700466 9.7065604211411598e-08
499.9999965689687 4.5785388722075292e-08
500.00000043673856 7.9062720611396112e-08
500.00000384311488 9.1497508017929218e-08
499.99999644159351 -2.0472694939067685e-07
500.00000197620017 3.3465638845183266e-08
500.00000112082705 5.7405691689607535e-08
499.99999743665632 -1.6213378195028679e-09
500.00000305011127 1.1987249871715448e-07
499.99999951450366 -6.5541774910979812e-08
499.99999888954693 -9.5901078559271845e-08
500.00000270989813 1.1152770315639616e-07
499.99999840041852 -1.9314618394364295e-08
500.00000026672535 4.261228855926215e-08
500.00000165686419 7.9518418249277381e-08
499.99999838972229 -1.3205452635127592e-07
500.00000094964105 4.063433288962212e-08
500.00000043770035 3.5478854839641449e-08
499.9999988800763 -2.7069257889022503e-08
500.00000140271726 8.8236430748194573e-08
499.9999997309165 -3.845599947350004e-08
499.99999954904371 -5.1242664694547584e-08
500.0000012098406 7.8130892811514558e-08
499.99999925529272 -2.6643226720363877e-08
500.00000015396137 2.3791876333694445e-08
500.00000070860636 4.9884285695784594e-08
499.99999927361819 -7.6214759028353803e-08
500.0000004555277 3.048337718315404e-08
500.00000016511342 1.8472460059255635e-08
499.99999951356978 -2.2369574241517827e-08
500.00000064381544 5.4724432903616587e-08
499.99999985528302 -2.2294957899301393e-08
499.99999982047814 -2.5244342387297475e-08
500.00000053804257 4.6552663881255416e-08
499.99999965396512 -2.0054621000474449e-08
500.0000000853351 1.3434098661069389e-08
500.0000003006225 2.7416970332077348e-08
499.99999967335521 -4.132431841069247e-08
500.00000021802089 1.9525359733700686e-08
500.00000005942144 8.6665610351775693e-09
