0 0
0.011886687148107115 -0.000220663196264906
0.18128919149576714 -0.012332951149655658
0.81863755166097152 -0.11390521024150425
2.2536608424698175 -0.50927997146780302
4.7120992653017 -1.5314299405953735
8.2435996605353168 -3.5822998511767512
12.708888205563973 -7.0449582856827613
17.819355553037941 -12.205388512873066
23.206086422214163 -19.207865377395152
28.49289591084159 -28.049564650321258
33.353818384670774 -38.60546082510497
37.54627361729127 -50.668922700940769
40.920876161908417 -63.993861834053909
43.414098208125687 -78.329344707019359
45.031577658068336 -93.444108249760191
45.827849635064894 -109.13977058990994
45.887776650877207 -125.25510023074035
45.311600237235737 -141.6647178309708
44.203385515115251 -158.27536882423416
42.66333246202867 -175.02026141837675
40.783619026754344 -191.85309451393294
38.645845176030051 -208.74304554667111
36.320534544003806 -225.67037016111945
33.867111455847059 -242.62306343948975
31.335012569559836 -259.59422458700453
28.764263370130799 -276.58024662589605
26.186869158527283 -293.5794681562482
23.627912401488011 -310.59125561965391
21.106625113004611 -327.61547999876962
18.637421094309808 -344.65216538924312
16.230812614381836 -361.70130824060737
13.89424239818824 -378.76279822124076
11.632812751733644 -395.83640623372088
9.4500579094340473 -412.92180906260648
7.3487447907094046 -430.0186532765884
5.3318269513865983 -447.12663545825131
3.4043042933341923 -464.24567191351042
1.5777949822737316 -481.37627449860321
-0.092223785687731749 -498.41939836921853
-1.0704799947578145 -511.14911837226379
-1.2895208477069655 -517.88811734447688
-1.1928185692102087 -520.25928222398375
-1.4667901156270133 -518.74305411107207
-2.883236469661004 -513.44926129428302
-4.8163188153713818 -507.47779635108128
-6.0932003775587615 -503.19766309669376
-6.7567976195680659 -499.97457091094032
-7.1185032329975009 -497.64360428152389
-7.4360437425130961 -496.02090114082836
-7.7756591912066666 -494.91297795000145
-8.1267852279902453 -494.1806944244646
-8.4457620522593846 -493.73834543843964
-7.4692757875049471 -494.54856529048686
-3.2781879404126677 -497.1957653365227
0.55135465586263122 -499.21538359231766
3.2539918228650646 -500.59650735278171
4.6778693461183165 -501.24017292836152
1.7384276717778668 -500.2928416823309
-1.9972930550615453 -499.3815823220865
-4.2246599969005603 -498.94654031983532
-2.7067981150666505 -499.29637544977925
1.9044728293754101 -500.54471852645423
3.3206848068376482 -500.99679695791997
1.3569492174930369 -500.17132808349368
-0.16902923114694854 -499.54144058498935
-1.2541677125484936 -499.13798502518938
-2.0032075109123819 -498.82570964998695
-1.6660053232103005 -499.0493257187473
0.014796813313483913 -500.16923724459036
1.1687092889859783 -500.98477409464135
0.25958573188521034 -500.22658367388397
-0.83714764202927827 -499.2845657175223
0.66650908176544044 -500.56168828375229
0.50373451220843768 -500.453761186181
-0.4093573492933224 -499.76421469430744
-1.0193622586484488 -499.31308212898415
-0.027707072883188973 -499.9450522709804
0.69408161247489963 -500.38834797664015
-0.51065839978099659 -499.70863386343365
-0.013044536284997186 -499.9955726408852
0.60147760685444684 -500.34900078697973
-0.34438488738158224 -499.84412368312286
-0.56392587713265041 -499.7224183344743
0.39203411234777918 -500.16131872136992
-0.020438920163977796 -499.98530965596001
-0.41231595126657017 -499.82044611390302
0.47506327482183147 -500.21452852656188
-0.11263444390758343 -499.96847214053474
-0.5013694123418273 -499.80792174412437
0.26666616276845534 -500.08432233607749
0.0030910014286774472 -499.99646714483947
-0.32350521108903019 -499.88868617958639
0.34749740283016423 -500.12570144752323
-0.13232814646499022 -499.96552580120618
-0.27386219863626382 -499.91568143625636
0.25908348400771214 -500.06550748953134
-0.11009796311340393 -499.96795173758824
-0.12056625408898478 -499.96802673555982
0.22229789514293821 -500.0648412745681
-0.20423182001988396 -499.95252438885069
-0.05079873224595511 -499.98439145200757
0.1686216479828731 -500.03225416918673
-0.1921517574827383 -499.95913096542563
0.066807077940841245 -500.01625858008009
0.049064519518505011 -500.01374425080434
-0.19493613975363405 -499.96457790264662
0.072665599003484405 -500.00894231847877
0.016795186212145798 -500.00092063509118
-0.12318958216556947 -499.98033088437739
0.11495784199824459 -500.0206140199312
-0.055386839377979266 -499.99383931293858
-0.062627675109639708 -499.99087369741517
0.089862574641312809 -500.00831292367997
-0.067788999082849147 -499.99203673046873
-0.0010941382654903757 -500.00058717067196
0.048978985570589807 -500.00700103750017
-0.089611772154403815 -499.99215079057808
0.019107215714257875 -500.00005872840126
0.023715347188320295 -500.00067181660415
-0.066297621140000179 -499.99534963077804
0.048979848857814534 -500.00447674357758
-0.014675569775330338 -500.00006233957777
-0.0399775871796531 -499.99792777255851
0.041825481836294101 -500.00036906607386
-0.024651249756561452 -499.99901154514885
-0.0093466787042098785 -499.99997179345326
0.028595914597963703 -500.00159014474679
-0.038584871620148252 -499.99968835538289
0.0045230984525062249 -499.9993903173339
0.015024916934978864 -499.99939561612433
-0.031951139927945911 -500.00018870222266
0.020243272680495999 -500.0003546815488
-0.0034339756722818748 -500.00049316481278
-0.021512078514936566 -500.00051988757627
0.018816441132575239 -499.99880133284603
-0.0093681392301551963 -500.00024047193949
-0.0068783747995723463 -500.00037527558965
0.014513053181580757 -499.99976434601109
-0.016445190646055517 -500.00100735222674
0.00076996506689579376 -499.99968429105053
0.0079593220524840184 -499.9991666229111
-0.014801800906942162 -500.00107071805093
0.0083796979237445966 -499.99960929893666
-0.00054425318034226268 -500.00025043414945
-0.010620195216867393 -500.0009526876035
0.0083857292362448429 -499.99892650134831
-0.0036999960066594665 -500.00030882086691
-0.0038993690430704367 -500.00044078395342
0.0069501238833783513 -499.99945233984278
-0.0070527694043116462 -500.00086775986927
-3.6918638353622357e-05 -499.99988952553156
0.0039060883460092779 -499.99935992625035
-0.0067410524693153956 -500.00088796381652
0.0035139631905080587 -499.99963536524473
6.3715080164452776e-05 -500.00008709057636
-0.0050173836116552137 -500.00074329784223
0.0037338448892207314 -499.9993050973207
-0.0015181910731278182 -500.00020622046236
-0.0019842814869885264 -500.00033304633035
0.0032303289097838995 -499.99956450391721
-0.003060728733495317 -500.00054777299175
-0.00012378404757689825 -499.99997175734109
0.0018375100266967452 -499.99959858131729
-0.0030458855268647883 -500.0005657519792
0.0014995699501510339 -499.99976651304269
0.00011775666584366899 -500.0000215608078
-0.002311383316478214 -500.00046530368189
0.0016663064758619161 -499.99960120814364
-0.00064652242131819069 -500.00011931431487
-0.00095075430417430147 -500.00020817179313
0.0014754116600874279 -499.99972578135709
-0.0013438732448249331 -500.00030939140527
-8.0424999898725112e-05 -499.99999606882437
0.00084120583813072881 -499.99977347987686
-0.0013710910375542636 -500.00032291420007
0.00065187291080621307 -499.99986724817518
7.5297667723647974e-05 -500.00000204979204
-0.0010476765352120693 -500.0002622673054
0.00074599375445902089 -499.99978470395496
-0.00028480027801421531 -500.0000657198388
-0.00043800518880614541 -500.00011688626955
0.0006663380126154389 -499.99984478374017
-0.000596027663053794 -500.00016548437213
-3.8823462787449168e-05 -500.00000066171361
0.00037766626679907532 -499.999880287412
-0.00061604175165089041 -500.00017361291822
0.00028832580671507454 -499.99992837347065
3.7550565751059917e-05 -499.99999842124316
-0.00046952036737045845 -500.00013896085341
0.00033497760309616039 -499.99988791458213
-0.00012904883923034051 -500.0000354976587
-0.00019617122052865776 -500.00006121408035
0.00029859129038004527 -499.9999173678824
-0.00026658528810055433 -500.00008579917949
-1.5644236059638218e-05 -500.00000043406493
0.00016702461370703559 -499.99993952829584
-0.00027646423784785635 -500.00008990680584
0.00012940425568665355 -499.99996239823332
1.6293428184165236e-05 -499.99999879074875
-0.0002086027907905301 -500.00007065996749
0.0001507354551848458 -499.99994304690671
-5.9723917203152923e-05 -500.00001897596474
-8.5936081176316617e-05 -500.00003050114003
0.00013299150573546902 -499.99995774124477
-0.00012004713241342172 -500.00004361292548
-5.1502720140659008e-06 -499.99999976394128
7.2930412348077526e-05 -499.99997046935499
-0.00012391359163604323 -500.00004536289208
5.8755673217573582e-05 -499.99998058107911
6.2520850398062393e-06 -499.99999956338888
-9.2003442406505208e-05 -500.0000348726245
6.791410154452996e-05 -499.99997156495118
-2.8061324173903105e-05 -500.00001006921667
-3.6938200457111696e-05 -500.0000146244144
5.8928724382445706e-05 -499.99997899974073
-5.4352609251260828e-05 -500.00002187054946
-1.0894343813911369e-06 -499.99999946748233
3.1479650925084932e-05 -499.99998596265192
-5.5464686772734354e-05 -500.00002245135556
2.690655830910305e-05 -499.99999008585064
2.0438441353002583e-06 -500.00000000895375
-4.0319466537275241e-05 -500.00001682023776
3.0612490400595672e-05 -499.99998599560234
-1.3313342042938624e-05 -500.00000530352406
-1.5610506822674637e-05 -500.00000679593325
2.5992803963317765e-05 -499.99998978879705
-2.4713423519353863e-05 -500.00001085869002
1.933537621236859e-07 -499.99999946531813
1.3440193856385243e-05 -499.99999347678244
-2.4787462953072347e-05 -500.00001094475095
1.2393325235255475e-05 -499.9999949851196
4.744799085166455e-07 -500.00000016683521
-1.756485794940203e-05 -500.00000796312332
1.3794051672700907e-05 -499.99999318010566
-6.3511838551934613e-06 -500.00000277107438
-6.4915400757553029e-06 -500.00000307396573
1.1416132323957017e-05 -499.99999512076192
-1.1270328961693684e-05 -500.00000534810749
4.3940593985083271e-07 -499.99999958221741
5.675658008647626e-06 -499.99999702891813
-1.1056665501974938e-05 -500.00000526892285
5.7283530977648484e-06 -499.99999748430378
-2.0877460028278211e-08 -500.00000017873384
-7.607856302917294e-06 -500.00000371064414
6.2092760714665365e-06 -499.99999671109094
-3.0372910382942842e-06 -500.00000143564728
-2.6554180455861965e-06 -500.00000135647929
4.9928505320580393e-06 -499.99999770240601
-5.1474960818004715e-06 -500.00000261497883
3.7128417441116882e-07 -499.99999971363161
2.3694794777259241e-06 -499.99999867176098
-4.9211693118132369e-06 -500.00000250938433
2.6519557351304077e-06 -499.99999874792701
-1.2621765234711826e-07 -500.00000013980065
-3.276308822691734e-06 -500.00000170511549
2.7910327734468948e-06 -499.99999842749003
-1.4532541646146305e-06 -500.00000073748907
-1.0672184235795714e-06 -500.00000058446517
2.1744805002513381e-06 -499.99999893170553
-2.3517763861946357e-06 -500.00000126985083
2.5006888911677134e-07 -499.99999981918376
9.7701605667469132e-07 -499.99999941685684
-2.1853341548658579e-06 -500.00000118392711
1.228051904588846e-06 -499.99999938157094
-1.1318169377973933e-07 -500.00000009491976
-1.4027227851232853e-06 -500.00000077358959
1.2524080121256556e-06 -499.99999925395457
-6.9511115248517881e-07 -500.000000375855
-4.2031539373334282e-07 -500.00000024567998
9.4312770676043552e-07 -499.99999950885262
-1.0739467786735952e-06 -500.00000061260857
1.5195055696757679e-07 -499.99999989182021
3.9694462196392332e-07 -499.99999974884588
-9.6818661059964472e-07 -500.00000055389802
5.6855466719288807e-07 -499.99999969666607
-7.7742965299277217e-08 -500.00000005938494
-5.9697237814518846e-07 -500.00000034674497
5.6100600377876609e-07 -499.99999964855448
-3.3217555574214753e-07 -500.00000019009934
-1.614101004806227e-07 -500.00000010042476
4.0736839164066455e-07 -499.99999977655085
-4.9011642187014142e-07 -500.00000029375326
8.6604892827551129e-08 -499.99999993797951
1.5864493128402237e-07 -499.99999989396048
-4.2791579430849408e-07 -500.00000025711972
2.6303514782272689e-07 -499.9999998522074
-4.7506351022065061e-08 -500.00000003514015
-2.5239771438693379e-07 -500.00000015356704
2.5071071727238177e-07 -499.99999983559206
-1.5843525549090623e-07 -500.00000009541975
-5.9931356177345978e-08 -500.0000000396841
1.7509792043361218e-07 -499.99999989937987
-2.2327224269853795e-07 -500.00000013997584
4.732757339426229e-08 -499.99999996556664
6.2103205001695759e-08 -499.99999995623034
-1.8847933620867528e-07 -500.00000011842189
1.2140753501733371e-07 -499.99999992850644
-2.7152930491748716e-08 -500.00000001996705
-1.0589598568276941e-07 -500.00000006718318
