0 0
-0.63426755671540658 0.0099435037206729096
-2.381659436945339 0.13795729503162812
-5.013301039082374 0.60002127129973881
-8.335082912376901 1.6378437051330696
-12.109784961782836 3.4599415302998926
-16.035921974407454 6.1906490629315325
-19.769837647943117 9.8313946906294394
-22.972257213648135 14.244539431610292
-25.363632001490714 19.163226648578291
-26.76547950262276 24.185041205804115
-27.150349237327365 28.463964753310972
-26.913268123129058 31.112886585339162
-26.790183216519093 31.660145551387306
-27.592204505438232 30.084913443523838
-29.995245555564072 26.725791763501892
-34.427117057348951 22.128488979924871
-41.047755370080438 16.893575698720962
-49.793334660839029 11.562366029270226
-60.449110767271783 6.5537695095481743
-72.722621345039144 2.1457962246523152
-86.302098160550685 -1.5129660033442121
-100.89536481604037 -4.3769645757259967
-116.25004024859588 -6.4732773715008083
-132.16114634230971 -7.8740568490545364
-148.46935745650339 -8.6749803192480819
-165.05550585135958 -8.979671613024502
-181.83312193516542 -8.8897611744097595
-198.74131374411948 -8.498736439797101
-215.73810955491336 -7.8892661661287233
-232.7952883150854 -7.1319332047099699
-249.89410014834664 -6.2858576468106788
-267.02237306203511 -5.3990632955661182
-284.17221337707349 -4.5098893935414699
-301.33841542428769 -3.6483116813268763
-318.51752941677921 -2.8371571543929668
-335.70713772648401 -2.0932373553447934
-352.90542656977595 -1.4285558638357625
-370.11093894190401 -0.85128011739557485
-387.32243118634437 -0.36664340125919859
-404.53880690571538 0.022236617916855019
-421.7590614942979 0.31345059327425789
-438.98226616219335 0.50534226524473691
-456.20753243484876 0.59507561432525069
-473.43393197131041 0.57555854976951226
-490.66006965149023 0.42412669475952386
-506.26663653324499 0.047815462770328263
-515.33565705976059 -0.4556354058298826
-519.49673812322305 -0.94897380190472047
-519.66582031708674 -0.9527989538955699
-516.0538237538309 0.2960684548255923
-510.03200777759497 2.8840582703183499
-505.3160726414352 4.9704931341949434
-501.85929906259639 6.2323470152143923
-499.24494034823414 6.9552610354908815
-497.4143226860495 7.4696782446844541
-496.16402857395002 7.9310302454604136
-495.33816794953742 8.3671983072771692
-494.81920355055905 8.7661142335033873
-494.87599822954473 8.6481945556372111
-496.70066352352831 5.3966677726155279
-498.63194618150362 0.90577845001199098
-499.90182021465847 -2.2957639528649718
-500.70227523671707 -4.5295008097012559
-500.44943564834711 -3.3910062582704406
-499.7293777413787 0.76895906502783407
-499.42529102661399 3.7811720189102802
-499.43431219625319 3.7999614214964286
-500.04026394055109 -0.25413253804538427
-500.63503758234276 -3.2707122919497214
-500.20756295167087 -1.8150754496689263
-499.69710109759882 -0.12719893684421915
-499.38546793320472 1.0693902388249708
-499.1503574378973 1.903751435205586
-499.15327178716353 1.9617625765622042
-500.05650466427164 0.15003249466851803
-500.74528055749602 -1.1347517213331415
-500.29684246060611 -0.44566581949065082
-499.39760689788727 0.91390165422520486
-500.4055077569584 -0.62361324245770289
-500.4571034675007 -0.67496976548443077
-499.8602907823572 0.3655033848310883
-499.45210570071367 1.0887311216613418
-499.89039000569306 0.16045901848337699
-500.31190687716349 -0.77295840482339639
-499.82883682777833 0.41111431065258552
-499.9228322715993 0.19205571148958303
-500.30122416427702 -0.71981795971593843
-499.93238130049713 0.24992012250419907
-499.7466746752998 0.7487279467899437
-500.07304614289478 -0.29223480709894167
-500.03778669745606 -0.15382995290743043
-499.84148484902488 0.54732198946797062
-500.13641343378737 -0.44717368205278646
-500.0200449282508 -0.017826967571959451
-499.85332275980511 0.61203463527666702
-500.02374272806253 -0.16036540993088222
-500.02646294754243 -0.15686498031906776
-499.91260670772135 0.42811813846707025
-500.0709731934968 -0.32047508258808272
-500.00480082528213 0.023845011711830184
-499.93359420650211 0.40321868856626375
-500.02168769375123 -0.20048552984417062
-499.99643924366922 0.0019605407130966908
-499.96726275606153 0.24302832731117927
-500.03978935035093 -0.26139904429763805
-499.98908636692283 0.13330109995057574
-499.98331591699423 0.14547179282452871
-500.01185225749072 -0.2008348700457592
-499.98864318325644 0.13666737694763492
-499.99972834290975 0.01966307475125674
-500.01260647484565 -0.12313722813157686
-499.99095050553507 0.19248019072710942
-499.99751870046424 -0.019199538110895666
-499.99976505922695 -0.077930129932776704
-499.99604598162767 0.15262109846562205
-500.00454340192704 -0.096897260629110499
-500.00220372296212 0.012464700168566788
-499.99992824094727 0.11270606844016168
-499.99638597949536 -0.085457689984503205
-499.99989670687171 0.032928845760942745
-500.0012412746662 0.04669678530425176
-500.00000727914818 -0.076370252923412596
-500.003503076507 0.071389364767277072
-499.99923719189388 0.0092528797018072064
-499.99561767350747 -0.049671415279182118
-500.0043978635926 0.069549034067485888
-499.99883533413737 -0.031964651712652115
-500.0006148836988 -0.0073308908706877637
-500.00521767150087 0.060163331093483
-499.99551734444714 -0.034532839764108876
-500.00027964374806 0.0072849040037306972
-500.00322787082467 0.030565437675661063
-499.99690760914609 -0.037602386471821118
-500.00361093751434 0.027197451106430789
-500.00074561848118 0.0094370059118567169
-499.99576938137506 -0.025552271884550823
-500.00423424008454 0.030232882892554602
-499.99892465703255 -0.010294994714114235
-499.99947777407658 -0.0071981684737291033
-500.00465937449218 0.028772267546586579
-499.99709465760316 -0.014015239058165619
-499.9999398373397 0.0011001733771364489
-500.00287934942617 0.016246939060447677
-499.9973305952376 -0.017359654604911873
-500.00221557080414 0.010685733702274556
-500.00097675043622 0.0058453375560833156
-499.99712038228358 -0.012234256663113416
-500.00271474430122 0.013035320603280305
-499.99947258625673 -0.0033053247720781966
-499.99929982691623 -0.004433738796061743
-500.00302751975545 0.013213471493066328
-499.99839609227223 -0.0057864387847686091
-499.99983774740798 -0.00013891996464201467
-500.00192929766729 0.0079647814825046376
-499.99829625643849 -0.0078209740549017651
-500.00118594138809 0.0043133538053608794
-500.00073814880506 0.0031009388188380461
-499.99830446206181 -0.0056654515751155552
-500.0015249558441 0.0056433749886209642
-499.9997792503101 -0.0010846621636585356
-499.99946881498062 -0.0023476991320618176
-500.00173140123957 0.0059608488211818451
-499.999167396931 -0.0024410905898755247
-499.99986543808109 -0.00023688354224141772
-500.00113137048027 0.003745833040537386
-499.99903545400616 -0.003489546827616488
-500.00060214605361 0.001786955380929539
-500.00045689099034 0.001521964244807966
-499.99907641765714 -0.0025756079393226216
-500.0008070670774 0.0024642912909648559
-499.99991078987949 -0.00037342748627959039
-499.9996708952126 -0.0011509956983980375
-500.00092598439335 0.0026660752364814789
-499.99957876267382 -0.0010529144813326552
-499.99991698494426 -0.00014755968607633974
-500.00061472599128 0.0017184264067742973
-499.99948685092289 -0.0015515904950122261
-500.00029924270694 0.00075893859393421173
-500.00025382208509 0.00071192433892339657
-499.99952054200168 -0.0011574387927218023
-500.00041408856941 0.0010864284871543897
-499.99996225295388 -0.00013923944165262307
-499.99981701551269 -0.00053837883068667651
-500.00047559758161 0.0011872349818962393
-499.99978910670507 -0.00046356958652455477
-499.99995625754588 -7.1883348762736386e-05
-500.00031794500279 0.00077534821047631924
-499.99973691025315 -0.00068941602281302988
-500.0001475889174 0.00032977507875461099
-500.00013155882255 0.00032208059031001342
-499.99975907799057 -0.00051600600871270293
-500.00020866831363 0.00048319676850116459
-499.99998231381301 -5.7532803812031778e-05
-499.99990491418998 -0.00024408330160337731
-500.00023782346688 0.00052742666558001266
-499.99989486604858 -0.00020763759415615967
-499.99997938285509 -3.0396766405849274e-05
-500.00015888894626 0.00034568934179591838
-499.99986833887272 -0.00030642866659412888
-500.00007263710449 0.00014606950669916478
-500.00006491698161 0.00014210352703215233
-499.99988178179552 -0.00022864870348298158
-500.00010391136669 0.00021644991432770311
-499.99999076651932 -2.6246344487503955e-05
-499.99995286624113 -0.00010816519508660333
-500.00011664394077 0.00023389813728118237
-499.99994771653525 -9.4245136461068563e-05
-499.99999121410519 -1.1291581094633408e-05
-500.00007736442922 0.00015266040226309294
-499.99993525385889 -0.00013624041299430334
-500.00003577317199 6.577407526215012e-05
-500.00003080959203 6.13740832396557e-05
-499.99994305893665 -0.00010078914178873955
-500.00005130462819 9.7515923430944657e-05
-499.99999479281877 -1.2921262513014307e-05
-499.99997747163411 -4.7044696941856256e-05
-500.00005637803724 0.00010358587376962566
-499.9999740524205 -4.3197542800953992e-05
-499.99999667602151 -3.4876715965846111e-06
-500.00003690309438 6.6871950478699047e-05
-499.99996856877073 -6.0599154051439587e-05
-500.00001763116046 2.9993196303062146e-05
-500.00001417022014 2.6033742271692434e-05
-499.99997297898688 -4.4224098900819943e-05
-500.00002515306903 4.4106095975237775e-05
-499.99999697258903 -6.6317152071068864e-06
-499.99998954580661 -2.0133857771759816e-05
-500.00002693190817 4.5807414371327456e-05
-499.99998716075282 -1.9920519968628761e-05
-499.99999895749266 -6.8583268630574792e-07
-500.00001730903136 2.9083061422350353e-05
-499.99998490053622 -2.6950529317926514e-05
-500.0000086902142 1.3803163110231564e-05
-500.00000634031591 1.0858787378136276e-05
-499.99998733804904 -1.9318328340584116e-05
-500.00001225409318 1.9997328158591516e-05
-499.99999824079157 -3.456567242351193e-06
-499.9999952715458 -8.4893696773973952e-06
-500.00001273865394 2.0222459423190691e-05
-499.99999367069586 -9.218182082188564e-06
-499.99999980585062 1.4380845994428642e-07
-500.00000800187189 1.2563493900058457e-05
-499.99999281016608 -1.197941069494149e-05
-500.00000427987254 6.3934728012815925e-06
-500.00000276497218 4.4546252563633304e-06
-499.99999413196991 -8.4017343642419153e-06
-500.00000593428126 9.077436778971091e-06
-499.99999899276617 -1.8024573279328624e-06
-499.99999791167892 -3.5270661580135995e-06
-500.00000597270929 8.9096901650830247e-06
-499.99999689442558 -4.2709039696628536e-06
-500.00000006511925 2.8520985681042763e-07
-500.00000365110407 5.390926656686674e-06
-499.99999660352751 -5.319121783722749e-06
-500.00000210412435 2.9737822496368253e-06
-500.00000117504709 1.7954275289930152e-06
-499.99999730789909 -3.6374455104164334e-06
-500.00000285670791 4.1208696328696087e-06
-499.99999943481072 -9.3310821288302819e-07
-499.99999909879119 -1.4433925141580957e-06
-500.00000277818475 3.9165806385108796e-06
-499.99999848403462 -1.9783625923684291e-06
-500.00000010955489 2.3272326443848089e-07
-500.00000164582957 2.2975578887546174e-06
-499.99999840725809 -2.3582099116256001e-06
-500.00000103185596 1.3866153790764534e-06
-500.0000004854756 7.0910846125659064e-07
-499.99999877668341 -1.5672909855117172e-06
-500.00000136729767 1.869791676796555e-06
-499.99999968907792 -4.7854291071391925e-07
-499.99999962035554 -5.8102451251977881e-07
-500.00000128289497 1.7177302637855109e-06
-499.99999926408054 -9.1529892989861247e-07
-500.0000000901199 1.5324100328267975e-07
-500.00000073350992 9.7258693031190446e-07
-499.99999925782902 -1.044150950580869e-06
-500.00000050467543 6.4759149984992538e-07
-500.00000019443888 2.7376543313414561e-07
-499.99999944872962 -6.7247192478874324e-07
-500.00000065096447 8.4776150954715627e-07
-499.99999983216708 -2.4285528547568247e-07
-499.99999984405031 -2.2980613357679388e-07
-500.00000058848065 7.5159721687188637e-07
-499.99999964437245 -4.231328683730253e-07
-500.00000006102198 9.1485889765537866e-08
-500.00000032305456 4.0845144207164985e-07
-499.99999965620481 -4.6166333683108924e-07
-500.00000024640127 3.0308473472528917e-07
-500.00000007448239 1.021628467727303e-07
-499.99999975388459 -2.8691601117340931e-07
-500.00000030831717 3.8399213160256901e-07
-499.99999991075259 -1.2225684803407321e-07
-499.9999999380434 -8.8696514491191985e-08
-500.00000026818452 3.2804710917010303e-07
-499.99999982919451 -1.9510190172167772e-07
-500.00000003738393 5.1358747306734267e-08
-500.00000014065029 1.7017055747042246e-07
-499.99999984170728 -2.0371111470019924e-07
-500.00000011988556 1.4183403413399568e-07
